left_1	1	left	1	569381	569381	1	569381	1
left_1	1	left	1	1103597	1103597	1	1103597	1
left_1	1	left	1	1103667	1103667	1	1103667	1
left_1	1	left	1	2788824	2788824	1	2788824	1
left_1	1	left	1	2788863	2788863	1	2788863	1
left_1	2	left	1	2788898	2788898	2	2788898	2
left_1	1	left	1	18487870	18487870	1	18487870	1
left_1	1	left	1	18487907	18487907	1	18487907	1
left_1	1	left	1	19061248	19061248	1	19061248	1
left_1	1	left	1	23048062	23048062	1	23048062	1
left_1	1	left	1	23048854	23048854	1	23048854	1
left_1	1	left	1	27684756	27684756	1	27684756	1
left_1	1	left	1	27684809	27684809	1	27684809	1
left_1	2	left	1	27948154	27948154	2	27948154	2
left_1	5	left	1	27950410	27950410	5	27950410	5
left_1	1	left	1	27950436	27950436	1	27950441	29
left_1	4	left	1	27950437	27950437	4	27950441	29
left_1	2	left	1	27950438	27950437	4	27950441	29
left_1	1	left	1	27950439	27950437	4	27950441	29
left_1	2	left	1	27950440	27950437	4	27950441	29
left_1	29	left	1	27950441	27950441	29	27950441	29
left_1	1	left	1	27950476	27950476	1	27950476	1
left_1	1	left	1	27950486	27950486	1	27950486	1
left_1	1	left	1	27951507	27951507	1	27951507	1
left_1	1	left	1	27951565	27951565	1	27951565	1
left_1	1	left	1	27951599	27951599	1	27951600	24
left_1	24	left	1	27951600	27951600	24	27951600	24
left_1	3	left	1	27951601	27951600	24	27951600	24
left_1	1	left	1	27951604	27951600	24	27951600	24
left_1	6	left	1	27951628	27951628	6	27951628	6
left_1	1	left	1	27951651	27951651	1	27951651	1
left_1	3	left	1	27951662	27951662	3	27951665	19
left_1	11	left	1	27951664	27951664	11	27951665	19
left_1	19	left	1	27951665	27951665	19	27951665	19
left_1	2	left	1	27951673	27951673	2	27951679	3
left_1	2	left	1	27951675	27951675	2	27951679	3
left_1	3	left	1	27951679	27951679	3	27951679	3
left_1	1	left	1	27951688	27951688	1	27951688	1
left_1	3	left	1	27951700	27951700	3	27951700	3
left_1	2	left	1	27951702	27951700	3	27951700	3
left_1	1	left	1	27951714	27951714	1	27951716	2
left_1	1	left	1	27951715	27951715	1	27951716	2
left_1	2	left	1	27951716	27951716	2	27951716	2
left_1	1	left	1	27951718	27951716	2	27951716	2
left_1	1	left	1	27951720	27951716	2	27951716	2
left_1	1	left	1	27951721	27951716	2	27951716	2
left_1	2	left	1	27951724	27951724	2	27951724	2
left_1	2	left	1	27951735	27951735	2	27951735	2
left_1	1	left	1	27951737	27951735	2	27951735	2
left_1	1	left	1	27951758	27951758	1	27951758	1
left_1	1	left	1	27951769	27951769	1	27951769	1
left_1	1	left	1	27951772	27951772	1	27951772	1
left_1	1	left	1	27951773	27951773	1	27951773	1
left_1	1	left	1	27951776	27951776	1	27951776	1
left_1	2	left	1	27952555	27952555	2	27952555	2
left_1	1	left	1	27952609	27952609	1	27952609	1
left_1	3	left	1	27952969	27952969	3	27952969	3
left_1	17	left	1	27961574	27961574	17	27961574	17
left_1	1	left	1	27961624	27961624	1	27961624	1
left_1	1	left	1	27961663	27961663	1	27961664	2
left_1	2	left	1	27961664	27961664	2	27961664	2
left_1	10	left	1	27961684	27961684	10	27961684	10
left_1	8	left	1	27961685	27961684	10	27961684	10
left_1	2	left	1	27961954	27961954	2	27961954	2
left_1	1	left	1	32738748	32738748	1	32738748	1
left_1	1	left	1	33548210	33548210	1	33548210	1
left_1	1	left	1	41976876	41976876	1	41976876	1
left_1	2	left	1	57601637	57601637	2	57601637	2
left_1	1	left	1	113230616	113230616	1	113230616	1
left_1	1	left	1	113230784	113230784	1	113230784	1
left_1	2	left	1	156843751	156843751	2	156843751	2
left_1	1	left	1	156844359	156844359	1	156844359	1
left_1	1	left	1	156844362	156844362	1	156844362	1
left_1	1	left	1	156844373	156844373	1	156844373	1
left_1	8	left	1	156844420	156844420	8	156844420	8
left_1	9	left	1	156844697	156844697	9	156844697	9
left_1	1	left	1	156844708	156844708	1	156844708	1
left_1	1	left	1	156844719	156844719	1	156844719	1
left_1	1	left	1	156844743	156844743	1	156844743	1
left_1	1	left	1	156845270	156845270	1	156845270	1
left_1	1	left	1	156845287	156845287	1	156845287	1
left_1	1	left	1	156845312	156845312	1	156845312	1
left_1	1	left	1	156845373	156845373	1	156845373	1
left_1	1	left	1	156845850	156845850	1	156845850	1
left_1	1	left	1	156845868	156845868	1	156845872	2
left_1	2	left	1	156845872	156845872	2	156845872	2
left_1	1	left	1	156845878	156845878	1	156845879	5
left_1	5	left	1	156845879	156845879	5	156845879	5
left_1	2	left	1	156845880	156845879	5	156845879	5
left_1	3	left	1	156845901	156845901	3	156845901	3
left_1	3	left	1	156846003	156846003	3	156846003	3
left_1	1	left	1	156846150	156846150	1	156846150	1
left_1	3	left	1	156846190	156846190	3	156846190	3
left_1	2	left	1	156846196	156846196	2	156846196	2
left_1	1	left	1	156846208	156846208	1	156846208	1
left_1	2	left	1	156846328	156846328	2	156846328	2
left_1	3	left	1	156848878	156848878	3	156848878	3
left_1	1	left	1	156848913	156848913	1	156848913	1
left_1	1	left	1	156848942	156848942	1	156848942	1
left_1	1	left	1	156848969	156848969	1	156848969	1
left_1	1	left	1	171486849	171486849	1	171486849	1
left_1	1	left	1	178792028	178792028	1	178792028	1
left_1	1	left	1	201618118	201618118	1	201618118	1
left_1	1	left	1	206977967	206977967	1	206977967	1
left_1	1	left	1	206978027	206978027	1	206978027	1
left_1	1	left	1	217263459	217263459	1	217263459	1
left_1	1	left	1	217263498	217263498	1	217263498	1
left_1	1	left	1	226056952	226056952	1	226056952	1
left_1	1	left	1	226056968	226056968	1	226056968	1
left_1	1	left	1	234896372	234896372	1	234896372	1
left_1	1	left	1	235977791	235977791	1	235977791	1
left_1	1	left	1	237612372	237612372	1	237612372	1
left_1	1	left	1	244972880	244972880	1	244972880	1
left_1	1	left	1	244972980	244972980	1	244972980	1
left_10	1	left	10	22292652	22292652	1	22292652	1
left_10	2	left	10	43607673	43607673	2	43607673	2
left_10	4	left	10	43608299	43608299	4	43608299	4
left_10	1	left	10	43608320	43608320	1	43608320	1
left_10	2	left	10	43608330	43608330	2	43608330	2
left_10	2	left	10	43608883	43608883	2	43608883	2
left_10	1	left	10	43608920	43608920	1	43608920	1
left_10	1	left	10	43608973	43608973	1	43608973	1
left_10	1	left	10	43609004	43609004	1	43609004	1
left_10	1	left	10	43609013	43609013	1	43609013	1
left_10	1	left	10	43609123	43609123	1	43609123	1
left_10	1	left	10	43609191	43609191	1	43609191	1
left_10	1	left	10	43609927	43609927	1	43609927	1
left_10	1	left	10	43609939	43609939	1	43609939	1
left_10	1	left	10	43609961	43609961	1	43609961	1
left_10	2	left	10	43612179	43612179	2	43612179	2
left_10	1	left	10	43613776	43613776	1	43613776	1
left_10	4	left	10	43613819	43613819	4	43613819	4
left_10	3	left	10	43613857	43613857	3	43613857	3
left_10	1	left	10	73600740	73600740	1	73600740	1
left_10	1	left	10	73600762	73600762	1	73600762	1
left_10	1	left	10	73600780	73600780	1	73600780	1
left_10	1	left	10	73600829	73600829	1	73600829	1
left_10	1	left	10	73600853	73600853	1	73600853	1
left_10	1	left	10	98935601	98935601	1	98935601	1
left_10	1	left	10	105455417	105455417	1	105455417	1
left_10	1	left	10	105455485	105455485	1	105455485	1
left_10	1	left	10	129858549	129858549	1	129858549	1
left_10	1	left	10	129858595	129858595	1	129858595	1
left_10	1	left	10	134830381	134830381	1	134830381	1
left_10	1	left	10	134830494	134830494	1	134830494	1
left_11	1	left	11	249626	249626	1	249626	1
left_11	1	left	11	2758185	2758185	1	2758185	1
left_11	1	left	11	2758216	2758216	1	2758216	1
left_11	1	left	11	22832413	22832413	1	22832413	1
left_11	4	left	11	22832425	22832425	4	22832425	4
left_11	4	left	11	22832454	22832454	4	22832454	4
left_11	1	left	11	22832468	22832468	1	22832468	1
left_11	1	left	11	22832527	22832527	1	22832527	1
left_11	1	left	11	35966563	35966563	1	35966563	1
left_11	1	left	11	42442528	42442528	1	42442528	1
left_11	1	left	11	45480255	45480255	1	45480255	1
left_11	1	left	11	61293327	61293327	1	61293327	1
left_11	1	left	11	64609512	64609512	1	64609512	1
left_11	1	left	11	65192177	65192177	1	65192177	1
left_11	1	left	11	65192209	65192209	1	65192209	1
left_11	1	left	11	65684278	65684278	1	65684278	1
left_11	1	left	11	65684374	65684374	1	65684374	1
left_11	1	left	11	70364647	70364647	1	70364647	1
left_11	1	left	11	70364756	70364756	1	70364756	1
left_11	1	left	11	74984275	74984275	1	74984275	1
left_11	1	left	11	78821590	78821590	1	78821590	1
left_11	1	left	11	78821623	78821623	1	78821623	1
left_11	1	left	11	83840801	83840801	1	83840801	1
left_11	1	left	11	83840840	83840840	1	83840840	1
left_11	1	left	11	105943490	105943490	1	105943490	1
left_11	1	left	11	118897865	118897865	1	118897865	1
left_11	1	left	11	118897876	118897876	1	118897876	1
left_11	1	left	11	118897879	118897879	1	118897879	1
left_11	1	left	11	118897903	118897903	1	118897903	1
left_11	1	left	11	118897924	118897924	1	118897924	1
left_11	1	left	11	118897955	118897955	1	118897955	1
left_12	1	left	12	23593199	23593199	1	23593199	1
left_12	3	left	12	25362673	25362673	3	25362673	3
left_12	2	left	12	25362685	25362685	2	25362685	2
left_12	1	left	12	25362686	25362685	2	25362685	2
left_12	1	left	12	25362698	25362698	1	25362698	1
left_12	1	left	12	25362714	25362714	1	25362716	2
left_12	2	left	12	25362716	25362716	2	25362716	2
left_12	3	left	12	25362722	25362722	3	25362722	3
left_12	2	left	12	25362727	25362722	3	25362722	3
left_12	1	left	12	25362735	25362735	1	25362735	1
left_12	1	left	12	25362741	25362741	1	25362742	4
left_12	4	left	12	25362742	25362742	4	25362742	4
left_12	2	left	12	25362749	25362749	2	25362749	2
left_12	2	left	12	25362753	25362753	2	25362753	2
left_12	1	left	12	25362764	25362764	1	25362764	1
left_12	1	left	12	25362767	25362767	1	25362767	1
left_12	1	left	12	25362807	25362807	1	25362807	1
left_12	1	left	12	25362847	25362847	1	25362847	1
left_12	1	left	12	25362851	25362851	1	25362851	1
left_12	1	left	12	25362900	25362900	1	25362900	1
left_12	1	left	12	25362953	25362953	1	25362953	1
left_12	1	left	12	25378559	25378559	1	25378559	1
left_12	1	left	12	25378602	25378602	1	25378602	1
left_12	1	left	12	25378774	25378774	1	25378775	2
left_12	2	left	12	25378775	25378775	2	25378775	2
left_12	1	left	12	25380021	25380021	1	25380021	1
left_12	1	left	12	25380022	25380022	1	25380022	1
left_12	1	left	12	25380081	25380081	1	25380081	1
left_12	1	left	12	25380157	25380157	1	25380162	2
left_12	2	left	12	25380162	25380162	2	25380162	2
left_12	1	left	12	25398070	25398070	1	25398070	1
left_12	2	left	12	25398116	25398116	2	25398116	2
left_12	1	left	12	25398156	25398156	1	25398156	1
left_12	2	left	12	25398169	25398169	2	25398169	2
left_12	2	left	12	25398203	25398203	2	25398203	2
left_12	2	left	12	25398208	25398208	2	25398208	2
left_12	1	left	12	25398218	25398218	1	25398218	1
left_12	1	left	12	25398224	25398224	1	25398224	1
left_12	1	left	12	25398244	25398244	1	25398244	1
left_12	1	left	12	25398371	25398371	1	25398371	1
left_12	1	left	12	25398399	25398399	1	25398399	1
left_12	3	left	12	52452734	52452734	3	52452734	3
left_12	1	left	12	52452769	52452769	1	52452769	1
left_12	1	left	12	52452794	52452794	1	52452794	1
left_12	1	left	12	52452847	52452847	1	52452847	1
left_12	1	left	12	52452852	52452852	1	52452852	1
left_12	1	left	12	57492995	57492995	1	57492995	1
left_12	1	left	12	106502450	106502450	1	106502450	1
left_12	1	left	12	108013706	108013706	1	108013706	1
left_12	1	left	12	111736907	111736907	1	111736907	1
left_12	1	left	12	111736957	111736957	1	111736957	1
left_12	1	left	12	120182310	120182310	1	120182310	1
left_12	1	left	12	124853086	124853086	1	124853086	1
left_12	3	left	12	133250103	133250103	3	133250103	3
left_12	2	left	12	133250124	133250124	2	133250124	2
left_12	1	left	12	133250125	133250124	2	133250124	2
left_12	1	left	12	133250239	133250239	1	133250239	1
left_12	1	left	12	133250268	133250268	1	133250268	1
left_12	1	left	12	133253143	133253143	1	133253143	1
left_12	1	left	12	133253165	133253165	1	133253165	1
left_12	1	left	12	133346443	133346443	1	133346443	1
left_13	1	left	13	107252402	107252402	1	107252402	1
left_14	1	left	14	19859912	19859912	1	19859912	1
left_14	1	left	14	105529228	105529228	1	105529228	1
left_15	1	left	15	61338304	61338304	1	61338304	1
left_15	1	left	15	63334274	63334274	1	63334274	1
left_15	1	left	15	65345961	65345961	1	65345961	1
left_15	1	left	15	65346200	65346200	1	65346200	1
left_15	2	left	15	88476417	88476417	2	88476417	2
left_15	1	left	15	88476462	88476462	1	88476462	1
left_15	1	left	15	88476497	88476497	1	88476497	1
left_15	1	left	15	88483853	88483853	1	88483853	1
left_15	1	left	15	88483908	88483908	1	88483908	1
left_15	1	left	15	88483977	88483977	1	88483977	1
left_15	3	left	15	88483984	88483984	3	88483984	3
left_15	1	left	15	88524591	88524591	1	88524591	1
left_15	4	left	15	88576088	88576088	4	88576088	4
left_15	6	left	15	88576218	88576218	6	88576218	6
left_15	2	left	15	88576243	88576243	2	88576243	2
left_15	1	left	15	88576267	88576267	1	88576267	1
left_15	4	left	15	88576273	88576273	4	88576277	38
left_15	3	left	15	88576275	88576273	4	88576277	38
left_15	3	left	15	88576276	88576273	4	88576277	38
left_15	38	left	15	88576277	88576277	38	88576277	38
left_15	4	left	15	88576279	88576277	38	88576277	38
left_15	2	left	15	88609058	88609058	2	88609058	2
left_15	24	left	15	88669500	88669500	24	88669500	24
left_15	2	left	15	88669503	88669500	24	88669500	24
left_15	1	left	15	88669504	88669500	24	88669500	24
left_15	2	left	15	88669536	88669536	2	88669536	2
left_15	1	left	15	88669562	88669562	1	88669562	1
left_15	1	left	15	88669574	88669574	1	88669574	1
left_15	1	left	15	88669594	88669594	1	88669594	1
left_15	2	left	15	88669604	88669604	2	88669605	31
left_15	31	left	15	88669605	88669605	31	88669605	31
left_15	32	left	15	88670391	88670391	32	88670391	32
left_15	1	left	15	88670394	88670391	32	88670391	32
left_15	1	left	15	88670397	88670391	32	88670391	32
left_15	1	left	15	88670414	88670414	1	88670414	1
left_15	1	left	15	88670419	88670419	1	88670419	1
left_15	1	left	15	88671942	88671942	1	88671942	1
left_15	1	left	15	88678332	88678332	1	88678332	1
left_15	2	left	15	99477107	99477107	2	99477107	2
left_16	1	left	16	11456955	11456955	1	11456955	1
left_16	1	left	16	22240031	22240031	1	22240031	1
left_16	1	left	16	22240128	22240128	1	22240128	1
left_16	1	left	16	27758329	27758329	1	27758329	1
left_16	1	left	16	27758390	27758390	1	27758390	1
left_16	1	left	16	29230476	29230476	1	29230476	1
left_16	1	left	16	59021249	59021249	1	59021249	1
left_17	1	left	17	852939	852939	1	852939	1
left_17	1	left	17	853043	853043	1	853043	1
left_17	1	left	17	2095572	2095572	1	2095572	1
left_17	3	left	17	3015922	3015922	3	3015922	3
left_17	2	left	17	7572629	7572629	2	7572629	2
left_17	1	left	17	7572728	7572728	1	7572728	1
left_17	1	left	17	7572879	7572879	1	7572879	1
left_17	1	left	17	7572889	7572889	1	7572889	1
left_17	6	left	17	7572903	7572903	6	7572903	6
left_17	1	left	17	7572904	7572903	6	7572903	6
left_17	2	left	17	7572927	7572927	2	7572927	2
left_17	1	left	17	7572945	7572945	1	7572945	1
left_17	1	left	17	7572951	7572951	1	7572951	1
left_17	1	left	17	7572962	7572962	1	7572962	1
left_17	2	left	17	7572969	7572969	2	7572969	2
left_17	2	left	17	7572979	7572979	2	7572979	2
left_17	1	left	17	7572989	7572989	1	7572989	1
left_17	21	left	17	7573011	7573011	21	7573011	21
left_17	1	left	17	7573014	7573011	21	7573011	21
left_17	2	left	17	7573028	7573028	2	7573028	2
left_17	1	left	17	7573046	7573046	1	7573046	1
left_17	1	left	17	7573244	7573244	1	7573244	1
left_17	1	left	17	7573841	7573841	1	7573841	1
left_17	1	left	17	7573842	7573842	1	7573842	1
left_17	1	left	17	7573862	7573862	1	7573865	3
left_17	3	left	17	7573865	7573865	3	7573865	3
left_17	1	left	17	7573867	7573865	3	7573865	3
left_17	1	left	17	7573877	7573877	1	7573877	1
left_17	1	left	17	7573885	7573885	1	7573885	1
left_17	2	left	17	7573906	7573906	2	7573906	2
left_17	15	left	17	7573927	7573927	15	7573927	15
left_17	1	left	17	7573930	7573927	15	7573927	15
left_17	1	left	17	7573931	7573927	15	7573927	15
left_17	1	left	17	7573953	7573953	1	7573953	1
left_17	1	left	17	7573955	7573955	1	7573955	1
left_17	1	left	17	7573966	7573966	1	7573966	1
left_17	2	left	17	7573988	7573988	2	7573988	2
left_17	1	left	17	7574005	7574005	1	7574005	1
left_17	1	left	17	7574007	7574007	1	7574007	1
left_17	1	left	17	7574030	7574030	1	7574030	1
left_17	1	left	17	7574046	7574046	1	7574046	1
left_17	1	left	17	7576895	7576895	1	7576895	1
left_17	2	left	17	7576995	7576995	2	7576995	2
left_17	2	left	17	7577039	7577039	2	7577039	2
left_17	2	left	17	7577041	7577041	2	7577041	2
left_17	1	left	17	7577061	7577061	1	7577061	1
left_17	1	left	17	7577070	7577070	1	7577070	1
left_17	2	left	17	7577093	7577093	2	7577093	2
left_17	1	left	17	7577102	7577102	1	7577102	1
left_17	1	left	17	7577324	7577324	1	7577324	1
left_17	1	left	17	7577410	7577410	1	7577410	1
left_17	3	left	17	7577425	7577425	3	7577425	3
left_17	3	left	17	7577431	7577431	3	7577431	3
left_17	3	left	17	7577432	7577432	3	7577432	3
left_17	3	left	17	7577434	7577434	3	7577434	3
left_17	2	left	17	7577459	7577459	2	7577462	3
left_17	3	left	17	7577462	7577462	3	7577462	3
left_17	3	left	17	7577470	7577470	3	7577470	3
left_17	1	left	17	7577471	7577470	3	7577470	3
left_17	1	left	17	7577478	7577478	1	7577479	2
left_17	2	left	17	7577479	7577479	2	7577479	2
left_17	2	left	17	7577490	7577490	2	7577491	3
left_17	3	left	17	7577491	7577491	3	7577491	3
left_17	1	left	17	7577494	7577491	3	7577491	3
left_17	1	left	17	7577495	7577491	3	7577491	3
left_17	1	left	17	7577497	7577491	3	7577491	3
left_17	1	left	17	7577499	7577491	3	7577491	3
left_17	1	left	17	7577502	7577491	3	7577491	3
left_17	1	left	17	7577511	7577511	1	7577514	2
left_17	2	left	17	7577514	7577514	2	7577514	2
left_17	2	left	17	7577523	7577523	2	7577523	2
left_17	1	left	17	7577527	7577523	2	7577523	2
left_17	2	left	17	7577529	7577529	2	7577529	2
left_17	1	left	17	7577531	7577529	2	7577529	2
left_17	2	left	17	7577533	7577533	2	7577533	2
left_17	1	left	17	7577535	7577533	2	7577533	2
left_17	1	left	17	7577540	7577533	2	7577533	2
left_17	1	left	17	7577543	7577533	2	7577533	2
left_17	1	left	17	7577544	7577533	2	7577533	2
left_17	2	left	17	7577549	7577549	2	7577554	3
left_17	1	left	17	7577551	7577549	2	7577554	3
left_17	3	left	17	7577554	7577554	3	7577554	3
left_17	1	left	17	7577559	7577554	3	7577554	3
left_17	1	left	17	7577583	7577583	1	7577583	1
left_17	1	left	17	7577587	7577587	1	7577587	1
left_17	3	left	17	7577598	7577598	3	7577598	3
left_17	1	left	17	7577638	7577638	1	7577638	1
left_17	2	left	17	7578148	7578148	2	7578148	2
left_17	1	left	17	7578185	7578185	1	7578185	1
left_17	1	left	17	7578228	7578228	1	7578228	1
left_17	1	left	17	7578327	7578327	1	7578327	1
left_17	1	left	17	7578335	7578335	1	7578335	1
left_17	1	left	17	7578356	7578356	1	7578356	1
left_17	1	left	17	7578492	7578492	1	7578492	1
left_17	1	left	17	7578564	7578564	1	7578564	1
left_17	2	left	17	7578587	7578587	2	7578587	2
left_17	5	left	17	7579239	7579239	5	7579239	5
left_17	1	left	17	7579266	7579266	1	7579266	1
left_17	6	left	17	7579288	7579288	6	7579288	6
left_17	1	left	17	7579295	7579295	1	7579295	1
left_17	2	left	17	7579338	7579338	2	7579338	2
left_17	2	left	17	7579400	7579400	2	7579400	2
left_17	1	left	17	7579547	7579547	1	7579547	1
left_17	1	left	17	7579577	7579577	1	7579577	1
left_17	1	left	17	7579586	7579586	1	7579591	3
left_17	1	left	17	7579588	7579588	1	7579591	3
left_17	3	left	17	7579591	7579591	3	7579591	3
left_17	1	left	17	7579615	7579615	1	7579615	1
left_17	5	left	17	7579700	7579700	5	7579700	5
left_17	1	left	17	7579747	7579747	1	7579747	1
left_17	1	left	17	7579850	7579850	1	7579850	1
left_17	1	left	17	7579867	7579867	1	7579867	1
left_17	1	left	17	7579899	7579899	1	7579899	1
left_17	1	left	17	7579901	7579901	1	7579901	1
left_17	1	left	17	7579936	7579936	1	7579936	1
left_17	1	left	17	7579937	7579937	1	7579937	1
left_17	1	left	17	25958984	25958984	1	25958984	1
left_17	2	left	17	37387733	37387733	2	37387733	2
left_17	1	left	17	37865756	37865756	1	37865756	1
left_17	1	left	17	37865798	37865798	1	37865798	1
left_17	5	left	17	37871509	37871509	5	37871509	5
left_17	1	left	17	37871510	37871509	5	37871509	5
left_17	1	left	17	37871530	37871530	1	37871531	26
left_17	26	left	17	37871531	37871531	26	37871531	26
left_17	7	left	17	37871532	37871531	26	37871531	26
left_17	2	left	17	37871533	37871531	26	37871531	26
left_17	2	left	17	37871609	37871609	2	37871614	5
left_17	5	left	17	37871614	37871614	5	37871614	5
left_17	2	left	17	37871632	37871632	2	37871632	2
left_17	5	left	17	37871696	37871696	5	37871696	5
left_17	3	left	17	37880952	37880952	3	37880952	3
left_17	1	left	17	37880974	37880974	1	37880977	3
left_17	3	left	17	37880977	37880977	3	37880977	3
left_17	1	left	17	37881011	37881011	1	37881011	1
left_17	1	left	17	37881031	37881031	1	37881031	1
left_17	1	left	17	37881132	37881132	1	37881132	1
left_17	1	left	17	37881184	37881184	1	37881185	2
left_17	2	left	17	37881185	37881185	2	37881185	2
left_17	2	left	17	37881432	37881432	2	37881432	2
left_17	1	left	17	37881480	37881480	1	37881480	1
left_17	1	left	17	37882778	37882778	1	37882778	1
left_17	1	left	17	37882801	37882801	1	37882802	3
left_17	3	left	17	37882802	37882802	3	37882802	3
left_17	1	left	17	37882846	37882846	1	37882846	1
left_17	2	left	17	37882855	37882855	2	37882855	2
left_17	1	left	17	37882863	37882863	1	37882863	1
left_17	1	left	17	37882864	37882864	1	37882864	1
left_17	2	left	17	37882875	37882875	2	37882875	2
left_17	1	left	17	37882926	37882926	1	37882926	1
left_17	1	left	17	37882940	37882940	1	37882940	1
left_17	1	left	17	37883065	37883065	1	37883065	1
left_17	2	left	17	41696356	41696356	2	41696356	2
left_17	1	left	17	41696485	41696485	1	41696485	1
left_17	1	left	17	43482383	43482383	1	43482383	1
left_17	1	left	17	43482401	43482401	1	43482401	1
left_17	1	left	17	43482476	43482476	1	43482478	2
left_17	2	left	17	43482478	43482478	2	43482478	2
left_17	1	left	17	48159942	48159942	1	48159942	1
left_17	1	left	17	48159972	48159972	1	48159972	1
left_17	1	left	17	60871523	60871523	1	60871523	1
left_17	1	left	17	61535432	61535432	1	61535432	1
left_17	2	left	17	63833528	63833528	2	63833528	2
left_17	2	left	17	75480532	75480532	2	75480532	2
left_17	2	left	17	76794337	76794337	2	76794337	2
left_17	1	left	17	78323627	78323627	1	78323627	1
left_17	1	left	17	78323656	78323656	1	78323656	1
left_17	1	left	17	78323690	78323690	1	78323690	1
left_17	2	left	17	78323707	78323707	2	78323707	2
left_18	1	left	18	8184502	8184502	1	8184502	1
left_18	1	left	18	13243616	13243616	1	13243616	1
left_18	1	left	18	13243700	13243700	1	13243700	1
left_18	2	left	18	48575136	48575136	2	48575136	2
left_18	1	left	18	48575168	48575168	1	48575174	3
left_18	2	left	18	48575172	48575172	2	48575174	3
left_18	3	left	18	48575174	48575174	3	48575174	3
left_18	1	left	18	48575193	48575193	1	48575193	1
left_18	1	left	18	48575197	48575197	1	48575197	1
left_18	1	left	18	48575216	48575216	1	48575216	1
left_18	1	left	18	48575219	48575219	1	48575219	1
left_18	6	left	18	48575230	48575230	6	48575230	6
left_18	2	left	18	48575263	48575263	2	48575263	2
left_18	1	left	18	48575291	48575291	1	48575291	1
left_18	1	left	18	48575601	48575601	1	48575605	2
left_18	2	left	18	48575605	48575605	2	48575605	2
left_18	1	left	18	48575637	48575637	1	48575643	2
left_18	1	left	18	48575640	48575640	1	48575643	2
left_18	2	left	18	48575643	48575643	2	48575643	2
left_18	1	left	18	48575649	48575649	1	48575654	2
left_18	2	left	18	48575654	48575654	2	48575654	2
left_18	1	left	18	48575659	48575654	2	48575654	2
left_18	7	left	18	48575664	48575664	7	48575664	7
left_18	1	left	18	48575665	48575664	7	48575664	7
left_18	1	left	18	48575667	48575664	7	48575664	7
left_18	1	left	18	48575672	48575664	7	48575664	7
left_18	1	left	18	48575674	48575664	7	48575664	7
left_18	1	left	18	48575675	48575664	7	48575664	7
left_18	1	left	18	48575685	48575685	1	48575686	4
left_18	4	left	18	48575686	48575686	4	48575686	4
left_18	1	left	18	48575689	48575686	4	48575686	4
left_18	2	left	18	48575700	48575700	2	48575700	2
left_18	1	left	18	48575705	48575700	2	48575700	2
left_18	1	left	18	48575719	48575719	1	48575721	4
left_18	4	left	18	48575721	48575721	4	48575721	4
left_18	1	left	18	48575736	48575736	1	48575736	1
left_18	2	left	18	48575743	48575743	2	48575743	2
left_18	1	left	18	48581289	48581289	1	48581289	1
left_18	1	left	18	48581328	48581328	1	48581328	1
left_18	1	left	18	48584827	48584827	1	48584827	1
left_18	1	left	18	48584867	48584867	1	48584867	1
left_18	1	left	18	48584888	48584888	1	48584888	1
left_18	1	left	18	48586187	48586187	1	48586187	1
left_18	1	left	18	48586220	48586220	1	48586220	1
left_18	2	left	18	48586236	48586236	2	48586236	2
left_18	1	left	18	48586318	48586318	1	48586318	1
left_18	1	left	18	48591764	48591764	1	48591764	1
left_18	1	left	18	48591791	48591791	1	48591791	1
left_18	1	left	18	48593552	48593552	1	48593552	1
left_18	1	left	18	48593570	48593570	1	48593570	1
left_18	1	left	18	48593597	48593597	1	48593597	1
left_18	1	left	18	48603148	48603148	1	48603148	1
left_18	1	left	18	48604776	48604776	1	48604776	1
left_18	1	left	18	48604816	48604816	1	48604816	1
left_18	1	left	18	48604820	48604820	1	48604820	1
left_18	1	left	18	48604823	48604823	1	48604823	1
left_18	1	left	18	48604838	48604838	1	48604838	1
left_18	1	left	18	48604849	48604849	1	48604849	1
left_18	1	left	18	48604854	48604854	1	48604854	1
left_18	1	left	18	48604858	48604858	1	48604858	1
left_18	1	left	18	48604885	48604885	1	48604885	1
left_18	3	left	18	76366119	76366119	3	76366119	3
left_19	1	left	19	3053622	3053622	1	3053622	1
left_19	1	left	19	3053650	3053650	1	3053650	1
left_19	1	left	19	13263986	13263986	1	13263986	1
left_19	1	left	19	13264037	13264037	1	13264037	1
left_19	1	left	19	13950135	13950135	1	13950135	1
left_19	1	left	19	13950203	13950203	1	13950203	1
left_19	1	left	19	17235241	17235241	1	17235241	1
left_19	1	left	19	33741853	33741853	1	33741853	1
left_19	1	left	19	39835252	39835252	1	39835252	1
left_19	1	left	19	53947798	53947798	1	53947798	1
left_19	1	left	19	53949392	53949392	1	53949392	1
left_19	1	left	19	54966237	54966237	1	54966237	1
left_19	5	left	19	54966271	54966271	5	54966271	5
left_19	1	left	19	54966540	54966540	1	54966540	1
left_19	1	left	19	54966544	54966544	1	54966544	1
left_2	1	left	2	9457753	9457753	1	9457753	1
left_2	2	left	2	29432582	29432582	2	29432582	2
left_2	1	left	2	29432751	29432751	1	29432751	1
left_2	1	left	2	29432805	29432805	1	29432805	1
left_2	1	left	2	29443434	29443434	1	29443434	1
left_2	2	left	2	29443524	29443524	2	29443524	2
left_2	2	left	2	29443561	29443561	2	29443561	2
left_2	1	left	2	29443618	29443618	1	29443618	1
left_2	1	left	2	29443789	29443789	1	29443789	1
left_2	1	left	2	29445262	29445262	1	29445262	1
left_2	1	left	2	29445276	29445276	1	29445276	1
left_2	2	left	2	29445288	29445288	2	29445288	2
left_2	1	left	2	29445383	29445383	1	29445388	2
left_2	2	left	2	29445388	29445388	2	29445388	2
left_2	1	left	2	29446361	29446361	1	29446361	1
left_2	1	left	2	29446384	29446384	1	29446384	1
left_2	1	left	2	29446385	29446385	1	29446385	1
left_2	1	left	2	29446395	29446395	1	29446396	34
left_2	34	left	2	29446396	29446396	34	29446396	34
left_2	1	left	2	29446397	29446396	34	29446396	34
left_2	1	left	2	29446400	29446396	34	29446396	34
left_2	1	left	2	29446417	29446417	1	29446417	1
left_2	1	left	2	29446464	29446464	1	29446464	1
left_2	1	left	2	29446469	29446469	1	29446469	1
left_2	1	left	2	29446474	29446474	1	29446474	1
left_2	1	left	2	29448327	29448327	1	29448327	1
left_2	1	left	2	29448411	29448411	1	29448411	1
left_2	1	left	2	29448432	29448432	1	29448432	1
left_2	1	left	2	29449788	29449788	1	29449788	1
left_2	11	left	2	42490447	42490447	11	42490447	11
left_2	12	left	2	42491871	42491871	12	42491871	12
left_2	11	left	2	42492091	42492091	11	42492091	11
left_2	3	left	2	46786268	46786268	3	46786268	3
left_2	1	left	2	47170483	47170483	1	47170483	1
left_2	1	left	2	47170510	47170510	1	47170510	1
left_2	1	left	2	47630317	47630317	1	47630317	1
left_2	1	left	2	47630322	47630322	1	47630322	1
left_2	1	left	2	47630469	47630469	1	47630469	1
left_2	1	left	2	47630495	47630495	1	47630495	1
left_2	1	left	2	47635534	47635534	1	47635534	1
left_2	1	left	2	47637422	47637422	1	47637422	1
left_2	1	left	2	47637444	47637444	1	47637444	1
left_2	1	left	2	47637463	47637463	1	47637463	1
left_2	1	left	2	47637520	47637520	1	47637520	1
left_2	1	left	2	47641575	47641575	1	47641575	1
left_2	2	left	2	47643389	47643389	2	47643389	2
left_2	1	left	2	47643413	47643413	1	47643413	1
left_2	3	left	2	47643429	47643429	3	47643429	3
left_2	1	left	2	47643436	47643436	1	47643436	1
left_2	1	left	2	47643438	47643438	1	47643438	1
left_2	1	left	2	47643537	47643537	1	47643537	1
left_2	1	left	2	47643564	47643564	1	47643564	1
left_2	1	left	2	47643575	47643575	1	47643575	1
left_2	3	left	2	47643616	47643616	3	47643616	3
left_2	4	left	2	47657121	47657121	4	47657121	4
left_2	1	left	2	47657142	47657142	1	47657142	1
left_2	1	left	2	47657169	47657169	1	47657170	4
left_2	4	left	2	47657170	47657170	4	47657170	4
left_2	1	left	2	47672732	47672732	1	47672732	1
left_2	2	left	2	47672757	47672757	2	47672757	2
left_2	2	left	2	47672773	47672773	2	47672773	2
left_2	1	left	2	47672791	47672791	1	47672791	1
left_2	1	left	2	47672794	47672794	1	47672794	1
left_2	1	left	2	47672821	47672821	1	47672821	1
left_2	1	left	2	47672826	47672826	1	47672826	1
left_2	1	left	2	47672852	47672852	1	47672852	1
left_2	1	left	2	47672997	47672997	1	47672997	1
left_2	1	left	2	47690199	47690199	1	47690199	1
left_2	1	left	2	47690202	47690202	1	47690202	1
left_2	1	left	2	47690220	47690220	1	47690220	1
left_2	1	left	2	47690243	47690243	1	47690243	1
left_2	1	left	2	47690251	47690251	1	47690251	1
left_2	1	left	2	47690320	47690320	1	47690320	1
left_2	1	left	2	47693960	47693960	1	47693960	1
left_2	1	left	2	47693985	47693985	1	47693985	1
left_2	1	left	2	47693990	47693990	1	47693990	1
left_2	1	left	2	47694034	47694034	1	47694034	1
left_2	1	left	2	47698178	47698178	1	47698178	1
left_2	1	left	2	47698192	47698192	1	47698192	1
left_2	1	left	2	47702360	47702360	1	47702360	1
left_2	1	left	2	47702398	47702398	1	47702398	1
left_2	1	left	2	47702401	47702401	1	47702401	1
left_2	1	left	2	47702441	47702441	1	47702441	1
left_2	1	left	2	47705311	47705311	1	47705311	1
left_2	1	left	2	47705371	47705371	1	47705371	1
left_2	1	left	2	47705634	47705634	1	47705634	1
left_2	1	left	2	47705667	47705667	1	47705667	1
left_2	1	left	2	47707801	47707801	1	47707801	1
left_2	1	left	2	47707823	47707823	1	47707823	1
left_2	1	left	2	47707978	47707978	1	47707978	1
left_2	1	left	2	47707999	47707999	1	47707999	1
left_2	1	left	2	47708056	47708056	1	47708056	1
left_2	1	left	2	47708126	47708126	1	47708126	1
left_2	1	left	2	47709887	47709887	1	47709887	1
left_2	1	left	2	47709938	47709938	1	47709938	1
left_2	1	left	2	79634833	79634833	1	79634833	1
left_2	1	left	2	113734357	113734357	1	113734357	1
left_2	3	left	2	145198257	145198257	3	145198257	3
left_2	1	left	2	171038560	171038560	1	171038560	1
left_2	1	left	2	228463684	228463684	1	228463684	1
left_2	1	left	2	228582501	228582501	1	228582501	1
left_2	1	left	2	232389850	232389850	1	232389850	1
left_2	1	left	2	232389889	232389889	1	232389889	1
left_20	1	left	20	4398004	4398004	1	4398004	1
left_20	1	left	20	4398076	4398076	1	4398076	1
left_20	1	left	20	31813545	31813545	1	31813545	1
left_20	1	left	20	31813593	31813593	1	31813593	1
left_20	1	left	20	36093857	36093857	1	36093857	1
left_20	1	left	20	42226253	42226253	1	42226253	1
left_20	1	left	20	50048907	50048907	1	50048907	1
left_20	1	left	20	50048916	50048916	1	50048916	1
left_21	1	left	21	38657029	38657029	1	38657029	1
left_21	1	left	21	38657073	38657073	1	38657073	1
left_21	1	left	21	42057563	42057563	1	42057563	1
left_22	1	left	22	24180788	24180788	1	24180788	1
left_22	1	left	22	24180826	24180826	1	24180826	1
left_22	1	left	22	35871029	35871029	1	35871029	1
left_22	1	left	22	35871067	35871067	1	35871067	1
left_22	1	left	22	37688399	37688399	1	37688399	1
left_22	1	left	22	37688404	37688404	1	37688404	1
left_22	1	left	22	37688449	37688449	1	37688449	1
left_22	1	left	22	37688491	37688491	1	37688491	1
left_22	1	left	22	37688528	37688528	1	37688528	1
left_22	1	left	22	43010650	43010650	1	43010650	1
left_3	3	left	3	11301675	11301675	3	11301675	3
left_3	1	left	3	11301709	11301709	1	11301709	1
left_3	2	left	3	11301751	11301751	2	11301751	2
left_3	1	left	3	13260052	13260052	1	13260052	1
left_3	1	left	3	13260159	13260159	1	13260159	1
left_3	1	left	3	14451708	14451708	1	14451708	1
left_3	1	left	3	14451732	14451732	1	14451732	1
left_3	1	left	3	32011312	32011312	1	32011312	1
left_3	1	left	3	32011422	32011422	1	32011422	1
left_3	1	left	3	41901146	41901146	1	41901146	1
left_3	2	left	3	41901156	41901156	2	41901156	2
left_3	1	left	3	72789010	72789010	1	72789010	1
left_3	1	left	3	129061278	129061278	1	129061278	1
left_3	1	left	3	129061321	129061321	1	129061321	1
left_3	1	left	3	133694452	133694452	1	133694452	1
left_3	1	left	3	133694491	133694491	1	133694491	1
left_3	1	left	3	141132064	141132064	1	141132064	1
left_3	1	left	3	169529884	169529884	1	169529884	1
left_3	1	left	3	169529926	169529926	1	169529926	1
left_4	2	left	4	6839016	6839016	2	6839016	2
left_4	1	left	4	6839049	6839049	1	6839049	1
left_4	2	left	4	45468304	45468304	2	45468304	2
left_4	2	left	4	45468434	45468434	2	45468434	2
left_4	1	left	4	47495810	47495810	1	47495810	1
left_4	1	left	4	75753972	75753972	1	75753972	1
left_4	1	left	4	75754047	75754047	1	75754047	1
left_4	1	left	4	108642779	108642779	1	108642779	1
left_4	1	left	4	113197451	113197451	1	113197451	1
left_4	1	left	4	113197492	113197492	1	113197492	1
left_4	1	left	4	116270057	116270057	1	116270057	1
left_4	1	left	4	140734443	140734443	1	140734443	1
left_4	1	left	4	144620920	144620920	1	144620920	1
left_4	1	left	4	164019915	164019915	1	164019915	1
left_4	1	left	4	186025380	186025380	1	186025380	1
left_5	1	left	5	23373329	23373329	1	23373329	1
left_5	1	left	5	23373424	23373424	1	23373424	1
left_5	1	left	5	54961962	54961962	1	54961962	1
left_5	1	left	5	54962045	54962045	1	54962045	1
left_5	1	left	5	61544057	61544057	1	61544057	1
left_5	1	left	5	67255880	67255880	1	67255880	1
left_5	1	left	5	77381331	77381331	1	77381331	1
left_5	1	left	5	97543655	97543655	1	97543655	1
left_5	1	left	5	97543700	97543700	1	97543700	1
left_5	1	left	5	149006569	149006569	1	149006569	1
left_6	1	left	6	442122	442122	1	442122	1
left_6	1	left	6	442186	442186	1	442186	1
left_6	1	left	6	3319557	3319557	1	3319557	1
left_6	1	left	6	3319590	3319590	1	3319590	1
left_6	1	left	6	6243398	6243398	1	6243398	1
left_6	1	left	6	41567638	41567638	1	41567638	1
left_6	1	left	6	41567708	41567708	1	41567708	1
left_6	1	left	6	107233296	107233296	1	107233296	1
left_6	1	left	6	107233330	107233330	1	107233330	1
left_6	1	left	6	117639388	117639388	1	117639388	1
left_6	1	left	6	117639415	117639415	1	117639417	18
left_6	18	left	6	117639417	117639417	18	117639417	18
left_6	1	left	6	117639425	117639425	1	117639425	1
left_6	1	left	6	117639464	117639464	1	117639464	1
left_6	3	left	6	117641030	117641030	3	117641031	15
left_6	15	left	6	117641031	117641031	15	117641031	15
left_6	1	left	6	117641038	117641038	1	117641038	1
left_6	3	left	6	117641073	117641073	3	117641073	3
left_6	1	left	6	117641160	117641160	1	117641160	1
left_6	1	left	6	117641188	117641188	1	117641193	8
left_6	8	left	6	117641193	117641193	8	117641193	8
left_6	1	left	6	117641220	117641220	1	117641220	1
left_6	10	left	6	117642422	117642422	10	117642422	10
left_6	4	left	6	117642505	117642505	4	117642505	4
left_6	1	left	6	117642543	117642543	1	117642543	1
left_6	1	left	6	117642547	117642547	1	117642547	1
left_6	1	left	6	117642553	117642553	1	117642558	19
left_6	19	left	6	117642558	117642558	19	117642558	19
left_6	2	left	6	117642572	117642572	2	117642572	2
left_6	1	left	6	117642587	117642587	1	117642587	1
left_6	2	left	6	117642615	117642615	2	117642615	2
left_6	1	left	6	117642632	117642632	1	117642632	1
left_6	1	left	6	117642780	117642780	1	117642780	1
left_6	13	left	6	117645495	117645495	13	117645495	13
left_6	1	left	6	117645580	117645580	1	117645580	1
left_6	3	left	6	117647387	117647387	3	117647387	3
left_6	1	left	6	117647573	117647573	1	117647573	1
left_6	11	left	6	117647579	117647579	11	117647579	11
left_6	6	left	6	117650492	117650492	6	117650492	6
left_6	2	left	6	117650526	117650526	2	117650526	2
left_6	2	left	6	117650549	117650549	2	117650549	2
left_6	1	left	6	117650607	117650607	1	117650607	1
left_6	7	left	6	117650613	117650613	7	117650613	7
left_6	8	left	6	117658335	117658335	8	117658335	8
left_6	1	left	6	117658451	117658451	1	117658451	1
left_6	2	left	6	117658472	117658472	2	117658472	2
left_6	3	left	6	117658504	117658504	3	117658504	3
left_6	1	left	6	117658535	117658535	1	117658535	1
left_6	1	left	6	117658539	117658539	1	117658539	1
left_6	1	left	6	117658558	117658558	1	117658558	1
left_6	1	left	6	117658568	117658568	1	117658568	1
left_6	3	left	6	117659858	117659858	3	117659858	3
left_6	2	left	6	132272385	132272385	2	132272385	2
left_6	1	left	6	151239801	151239801	1	151239801	1
left_6	1	left	6	151239804	151239804	1	151239804	1
left_6	2	left	6	151243339	151243339	2	151243339	2
left_6	1	left	6	152683595	152683595	1	152683595	1
left_6	1	left	6	152683622	152683622	1	152683622	1
left_6	1	left	6	152683651	152683651	1	152683651	1
left_6	2	left	6	152683695	152683695	2	152683695	2
left_6	4	left	6	152683722	152683722	4	152683722	4
left_7	1	left	7	1577570	1577570	1	1577570	1
left_7	1	left	7	1577629	1577629	1	1577629	1
left_7	1	left	7	2701364	2701364	1	2701364	1
left_7	1	left	7	2701419	2701419	1	2701419	1
left_7	2	left	7	2701633	2701633	2	2701633	2
left_7	2	left	7	2701735	2701735	2	2701735	2
left_7	1	left	7	5337902	5337902	1	5337902	1
left_7	1	left	7	5337985	5337985	1	5337985	1
left_7	1	left	7	36479801	36479801	1	36479801	1
left_7	1	left	7	37248298	37248298	1	37248298	1
left_7	1	left	7	55221768	55221768	1	55221768	1
left_7	1	left	7	55221835	55221835	1	55221835	1
left_7	3	left	7	55221842	55221842	3	55221847	36
left_7	5	left	7	55221844	55221844	5	55221847	36
left_7	36	left	7	55221847	55221847	36	55221847	36
left_7	1	left	7	55223424	55223424	1	55223424	1
left_7	49	left	7	55223523	55223523	49	55223523	49
left_7	1	left	7	55223533	55223533	1	55223533	1
left_7	1	left	7	55223534	55223534	1	55223534	1
left_7	1	left	7	55223536	55223536	1	55223536	1
left_7	1	left	7	55223544	55223544	1	55223544	1
left_7	2	left	7	55223584	55223584	2	55223584	2
left_7	15	left	7	55223639	55223639	15	55223639	15
left_7	1	left	7	55224160	55224160	1	55224160	1
left_7	1	left	7	55224204	55224204	1	55224204	1
left_7	14	left	7	55224224	55224224	14	55224224	14
left_7	1	left	7	55224228	55224224	14	55224224	14
left_7	1	left	7	55241597	55241597	1	55241597	1
left_7	1	left	7	55241609	55241609	1	55241609	1
left_7	1	left	7	55241621	55241621	1	55241623	2
left_7	2	left	7	55241623	55241623	2	55241623	2
left_7	1	left	7	55241639	55241639	1	55241648	2
left_7	1	left	7	55241644	55241644	1	55241648	2
left_7	2	left	7	55241648	55241648	2	55241648	2
left_7	1	left	7	55241737	55241737	1	55241737	1
left_7	1	left	7	55241753	55241753	1	55241753	1
left_7	2	left	7	55241775	55241775	2	55241775	2
left_7	1	left	7	55241777	55241775	2	55241775	2
left_7	2	left	7	55241819	55241819	2	55241819	2
left_7	4	left	7	55242384	55242384	4	55242384	4
left_7	1	left	7	55242385	55242384	4	55242384	4
left_7	1	left	7	55242407	55242407	1	55242410	2
left_7	2	left	7	55242410	55242410	2	55242410	2
left_7	1	left	7	55242425	55242425	1	55242425	1
left_7	1	left	7	55242448	55242448	1	55242448	1
left_7	1	left	7	55242458	55242458	1	55242458	1
left_7	1	left	7	55242465	55242465	1	55242465	1
left_7	1	left	7	55248956	55248956	1	55248956	1
left_7	1	left	7	55249084	55249084	1	55249084	1
left_7	1	left	7	55249110	55249110	1	55249110	1
left_7	1	left	7	55249119	55249119	1	55249119	1
left_7	1	left	7	55249133	55249133	1	55249133	1
left_7	2	left	7	55249140	55249140	2	55249140	2
left_7	2	left	7	55249164	55249164	2	55249164	2
left_7	1	left	7	55259539	55259539	1	55259539	1
left_7	1	left	7	55259568	55259568	1	55259568	1
left_7	1	left	7	55260432	55260432	1	55260432	1
left_7	1	left	7	77028942	77028942	1	77028942	1
left_7	1	left	7	77028969	77028969	1	77028969	1
left_7	1	left	7	99584745	99584745	1	99584745	1
left_7	1	left	7	114962587	114962587	1	114962587	1
left_7	3	left	7	116409845	116409845	3	116409845	3
left_7	1	left	7	116411500	116411500	1	116411500	1
left_7	1	left	7	116411536	116411536	1	116411536	1
left_7	3	left	7	116411550	116411550	3	116411550	3
left_7	1	left	7	116411558	116411558	1	116411558	1
left_7	1	left	7	116411579	116411579	1	116411579	1
left_7	1	left	7	116411672	116411672	1	116411672	1
left_7	1	left	7	116411673	116411673	1	116411673	1
left_7	7	left	7	116411708	116411708	7	116411708	7
left_7	2	left	7	116411744	116411744	2	116411744	2
left_7	2	left	7	116411898	116411898	2	116411900	9
left_7	9	left	7	116411900	116411900	9	116411900	9
left_7	1	left	7	116411909	116411909	1	116411909	1
left_7	1	left	7	116411946	116411946	1	116411946	1
left_7	18	left	7	116412043	116412043	18	116412043	18
left_7	1	left	7	116412060	116412060	1	116412060	1
left_7	1	left	7	116414815	116414815	1	116414815	1
left_7	1	left	7	116414859	116414859	1	116414859	1
left_7	21	left	7	116414933	116414933	21	116414933	21
left_7	1	left	7	116414938	116414933	21	116414933	21
left_7	1	left	7	116415017	116415017	1	116415017	1
left_7	1	left	7	116417489	116417489	1	116417489	1
left_7	2	left	7	116417497	116417497	2	116417497	2
left_7	2	left	7	116417508	116417508	2	116417508	2
left_7	1	left	7	116417516	116417516	1	116417516	1
left_7	1	left	7	116417524	116417524	1	116417524	1
left_7	1	left	7	116417571	116417571	1	116417571	1
left_7	1	left	7	116418830	116418830	1	116418830	1
left_7	1	left	7	116436086	116436086	1	116436086	1
left_7	1	left	7	116436111	116436111	1	116436112	2
left_7	2	left	7	116436112	116436112	2	116436112	2
left_7	1	left	7	116436115	116436112	2	116436112	2
left_7	1	left	7	116436129	116436129	1	116436129	1
left_7	2	left	7	116436137	116436137	2	116436137	2
left_7	1	left	7	116436143	116436143	1	116436143	1
left_7	1	left	7	116436169	116436169	1	116436169	1
left_7	1	left	7	140453088	140453088	1	140453088	1
left_7	1	left	7	140453120	140453120	1	140453120	1
left_7	1	left	7	140453167	140453167	1	140453167	1
left_7	1	left	7	140453197	140453197	1	140453197	1
left_7	1	left	7	140481332	140481332	1	140481332	1
left_7	1	left	7	140481334	140481334	1	140481334	1
left_7	1	left	7	140481335	140481335	1	140481335	1
left_7	1	left	7	140481362	140481362	1	140481362	1
left_7	1	left	7	140481390	140481390	1	140481390	1
left_7	1	left	7	140481392	140481392	1	140481392	1
left_7	1	left	7	140481415	140481415	1	140481415	1
left_7	1	left	7	140481483	140481483	1	140481483	1
left_7	1	left	7	140481536	140481536	1	140481536	1
left_7	1	left	7	140481538	140481538	1	140481538	1
left_7	1	left	7	140973457	140973457	1	140973457	1
left_7	1	left	7	150823047	150823047	1	150823047	1
left_7	1	left	7	150823137	150823137	1	150823137	1
left_7	1	left	7	151166519	151166519	1	151166519	1
left_7	1	left	7	151166623	151166623	1	151166623	1
left_7	1	left	7	154995995	154995995	1	154995995	1
left_8	1	left	8	32406267	32406267	1	32406267	1
left_8	1	left	8	32406292	32406292	1	32406292	1
left_8	2	left	8	32406344	32406344	2	32406344	2
left_8	1	left	8	32453327	32453327	1	32453327	1
left_8	3	left	8	32453344	32453344	3	32453344	3
left_8	1	left	8	32453348	32453344	3	32453344	3
left_8	1	left	8	32453381	32453381	1	32453381	1
left_8	2	left	8	32453407	32453407	2	32453407	2
left_8	1	left	8	32453519	32453519	1	32453524	18
left_8	1	left	8	32453521	32453521	1	32453524	18
left_8	18	left	8	32453524	32453524	18	32453524	18
left_8	1	left	8	32453525	32453524	18	32453524	18
left_8	23	left	8	32463079	32463079	23	32463079	23
left_8	1	left	8	32463083	32463079	23	32463079	23
left_8	1	left	8	32463129	32463129	1	32463129	1
left_8	5	left	8	32463201	32463201	5	32463201	5
left_8	7	left	8	32472031	32472031	7	32472031	7
left_8	1	left	8	32472080	32472080	1	32472080	1
left_8	1	left	8	32505899	32505899	1	32505899	1
left_8	1	left	8	32585467	32585467	1	32585467	1
left_8	1	left	8	37202969	37202969	1	37202969	1
left_8	1	left	8	37202981	37202981	1	37202981	1
left_8	1	left	8	37241894	37241894	1	37241894	1
left_8	1	left	8	37242156	37242156	1	37242156	1
left_8	1	left	8	38271325	38271325	1	38271325	1
left_8	1	left	8	38271359	38271359	1	38271359	1
left_8	2	left	8	38271376	38271376	2	38271376	2
left_8	2	left	8	38271408	38271408	2	38271408	2
left_8	1	left	8	38271431	38271431	1	38271433	3
left_8	3	left	8	38271433	38271433	3	38271433	3
left_8	2	left	8	38271438	38271433	3	38271433	3
left_8	1	left	8	38271443	38271433	3	38271433	3
left_8	1	left	8	38271451	38271451	1	38271453	3
left_8	3	left	8	38271453	38271453	3	38271453	3
left_8	1	left	8	38271454	38271453	3	38271453	3
left_8	1	left	8	38271470	38271470	1	38271478	2
left_8	1	left	8	38271473	38271473	1	38271478	2
left_8	2	left	8	38271478	38271478	2	38271478	2
left_8	1	left	8	38271479	38271478	2	38271478	2
left_8	1	left	8	38271505	38271505	1	38271505	1
left_8	1	left	8	38271521	38271521	1	38271521	1
left_8	1	left	8	38271525	38271525	1	38271525	1
left_8	2	left	8	38271547	38271547	2	38271547	2
left_8	2	left	8	38271548	38271548	2	38271548	2
left_8	2	left	8	38271572	38271572	2	38271572	2
left_8	1	left	8	38271684	38271684	1	38271684	1
left_8	3	left	8	38271807	38271807	3	38271807	3
left_8	1	left	8	38272046	38272046	1	38272046	1
left_8	3	left	8	38272074	38272074	3	38272074	3
left_8	2	left	8	38272075	38272074	3	38272074	3
left_8	1	left	8	38272078	38272074	3	38272074	3
left_8	2	left	8	38272092	38272092	2	38272092	2
left_8	1	left	8	38272116	38272116	1	38272116	1
left_8	1	left	8	38272156	38272156	1	38272156	1
left_8	1	left	8	38272177	38272177	1	38272177	1
left_8	1	left	8	38279274	38279274	1	38279274	1
left_8	5	left	8	38279301	38279301	5	38279301	5
left_8	4	left	8	38279318	38279318	4	38279318	4
left_8	1	left	8	38279320	38279318	4	38279318	4
left_8	1	left	8	38279346	38279346	1	38279346	1
left_8	1	left	8	38279362	38279362	1	38279362	1
left_8	1	left	8	38279384	38279384	1	38279384	1
left_8	1	left	8	38279421	38279421	1	38279421	1
left_8	3	left	8	38279439	38279439	3	38279439	3
left_8	3	left	8	38279485	38279485	3	38279485	3
left_8	1	left	8	38285835	38285835	1	38285835	1
left_8	1	left	8	38285864	38285864	1	38285864	1
left_8	1	left	8	38285902	38285902	1	38285902	1
left_8	1	left	8	38285903	38285903	1	38285903	1
left_8	1	left	8	38285904	38285904	1	38285904	1
left_8	1	left	8	38285926	38285926	1	38285926	1
left_8	1	left	8	38285937	38285937	1	38285937	1
left_8	1	left	8	38285943	38285943	1	38285943	1
left_8	1	left	8	38285955	38285955	1	38285955	1
left_8	1	left	8	38285985	38285985	1	38285985	1
left_8	1	left	8	38285993	38285993	1	38285993	1
left_8	1	left	8	38775499	38775499	1	38775499	1
left_8	1	left	8	142475706	142475706	1	142475706	1
left_8	1	left	8	142475785	142475785	1	142475785	1
left_9	1	left	9	1187484	1187484	1	1187484	1
left_9	1	left	9	1187596	1187596	1	1187596	1
left_9	1	left	9	21968200	21968200	1	21968200	1
left_9	1	left	9	21968233	21968233	1	21968233	1
left_9	1	left	9	21968241	21968241	1	21968244	16
left_9	16	left	9	21968244	21968244	16	21968244	16
left_9	14	left	9	21970901	21970901	14	21970901	14
left_9	1	left	9	21970902	21970901	14	21970901	14
left_9	1	left	9	21970906	21970901	14	21970901	14
left_9	1	left	9	21974609	21974609	1	21974610	2
left_9	2	left	9	21974610	21974610	2	21974610	2
left_9	1	left	9	21974640	21974640	1	21974640	1
left_9	1	left	9	21974648	21974648	1	21974648	1
left_9	1	left	9	21974659	21974659	1	21974659	1
left_9	1	left	9	21974820	21974820	1	21974820	1
left_9	1	left	9	21974845	21974845	1	21974845	1
left_9	1	left	9	26755046	26755046	1	26755046	1
left_9	1	left	9	35969881	35969881	1	35969881	1
left_9	1	left	9	87325664	87325664	1	87325664	1
left_9	2	left	9	87339170	87339170	2	87339170	2
left_9	1	left	9	87339175	87339170	2	87339170	2
left_9	1	left	9	87339192	87339192	1	87339192	1
left_9	1	left	9	87339196	87339196	1	87339196	1
left_9	1	left	9	87339215	87339215	1	87339215	1
left_9	2	left	9	87339224	87339224	2	87339226	3
left_9	3	left	9	87339226	87339226	3	87339226	3
left_9	1	left	9	87339243	87339243	1	87339246	2
left_9	2	left	9	87339246	87339246	2	87339246	2
left_9	2	left	9	87339265	87339265	2	87339271	158
left_9	1	left	9	87339266	87339265	2	87339271	158
left_9	2	left	9	87339267	87339267	2	87339271	158
left_9	158	left	9	87339271	87339271	158	87339271	158
left_9	1	left	9	87342526	87342526	1	87342526	1
left_9	1	left	9	87342537	87342537	1	87342537	1
left_9	178	left	9	87342569	87342569	178	87342569	178
left_9	5	left	9	87342570	87342569	178	87342569	178
left_9	3	left	9	87342572	87342569	178	87342569	178
left_9	3	left	9	87342573	87342569	178	87342569	178
left_9	1	left	9	87342574	87342569	178	87342569	178
left_9	3	left	9	87342575	87342569	178	87342569	178
left_9	1	left	9	87342577	87342569	178	87342569	178
left_9	1	left	9	87342578	87342569	178	87342569	178
left_9	3	left	9	87342584	87342584	3	87342584	3
left_9	1	left	9	87342603	87342603	1	87342605	3
left_9	3	left	9	87342605	87342605	3	87342605	3
left_9	1	left	9	87342606	87342605	3	87342605	3
left_9	2	left	9	87342616	87342616	2	87342616	2
left_9	1	left	9	87342633	87342633	1	87342633	1
left_9	1	left	9	87342638	87342638	1	87342638	1
left_9	2	left	9	87342654	87342654	2	87342654	2
left_9	2	left	9	87342657	87342657	2	87342657	2
left_9	1	left	9	87342700	87342700	1	87342700	1
left_9	2	left	9	87342819	87342819	2	87342819	2
left_9	3	left	9	87342843	87342843	3	87342843	3
left_9	1	left	9	87342845	87342843	3	87342843	3
left_9	1	left	9	87342851	87342851	1	87342851	1
left_9	2	left	9	87342867	87342867	2	87342877	77
left_9	2	left	9	87342872	87342872	2	87342877	77
left_9	6	left	9	87342874	87342874	6	87342877	77
left_9	3	left	9	87342876	87342874	6	87342877	77
left_9	77	left	9	87342877	87342877	77	87342877	77
left_9	1	left	9	87342878	87342877	77	87342877	77
left_9	1	left	9	87356806	87356806	1	87356806	1
left_9	2	left	9	87356828	87356828	2	87356828	2
left_9	2	left	9	87356838	87356838	2	87356842	82
left_9	1	left	9	87356841	87356838	2	87356842	82
left_9	82	left	9	87356842	87356842	82	87356842	82
left_9	1	left	9	87359849	87359849	1	87359849	1
left_9	5	left	9	87359883	87359883	5	87359885	186
left_9	186	left	9	87359885	87359885	186	87359885	186
left_9	2	left	9	87359887	87359885	186	87359885	186
left_9	6	left	9	87359888	87359885	186	87359885	186
left_9	1	left	9	87359896	87359896	1	87359896	1
left_9	5	left	9	87359919	87359919	5	87359919	5
left_9	2	left	9	87359930	87359930	2	87359930	2
left_9	1	left	9	87359945	87359945	1	87359945	1
left_9	1	left	9	87359978	87359978	1	87359978	1
left_9	3	left	9	87359986	87359986	3	87359990	96
left_9	4	left	9	87359987	87359987	4	87359990	96
left_9	1	left	9	87359988	87359987	4	87359990	96
left_9	1	left	9	87359989	87359987	4	87359990	96
left_9	96	left	9	87359990	87359990	96	87359990	96
left_9	101	left	9	87366894	87366894	101	87366894	101
left_9	5	left	9	87366900	87366900	5	87366910	16
left_9	3	left	9	87366901	87366900	5	87366910	16
left_9	2	left	9	87366902	87366900	5	87366910	16
left_9	5	left	9	87366904	87366904	5	87366910	16
left_9	13	left	9	87366909	87366909	13	87366910	16
left_9	16	left	9	87366910	87366910	16	87366910	16
left_9	14	left	9	87366932	87366932	14	87366932	14
left_9	1	left	9	87366994	87366994	1	87367002	2
left_9	1	left	9	87366999	87366999	1	87367002	2
left_9	2	left	9	87367002	87367002	2	87367002	2
left_9	1	left	9	87475895	87475895	1	87475895	1
left_9	1	left	9	87475944	87475944	1	87475944	1
left_9	1	left	9	87482156	87482156	1	87482156	1
left_9	1	left	9	87482346	87482346	1	87482346	1
left_9	1	left	9	87549077	87549077	1	87549077	1
left_9	1	left	9	95477248	95477248	1	95477248	1
left_9	1	left	9	95477272	95477272	1	95477272	1
left_9	1	left	9	99259405	99259405	1	99259405	1
left_9	1	left	9	101783124	101783124	1	101783124	1
left_9	1	left	9	109687848	109687848	1	109687848	1
left_9	1	left	9	117054146	117054146	1	117054146	1
left_9	1	left	9	133834124	133834124	1	133834124	1
left_MT	2	left	MT	5293	5293	2	5293	2
left_X	1	left	X	8690627	8690627	1	8690627	1
left_X	1	left	X	8690679	8690679	1	8690679	1
left_X	2	left	X	51638856	51638856	2	51638856	2
left_X	2	left	X	51639503	51639503	2	51639503	2
left_X	1	left	X	133678857	133678857	1	133678857	1
left_X	1	left	X	149478646	149478646	1	149478646	1
right_1	1	right	1	569381	569381	1	569381	1
right_1	1	right	1	4329138	4329138	1	4329138	1
right_1	1	right	1	18487915	18487915	1	18487915	1
right_1	1	right	1	19061248	19061248	1	19061248	1
right_1	1	right	1	23048062	23048062	1	23048062	1
right_1	1	right	1	23048854	23048854	1	23048854	1
right_1	2	right	1	27948154	27948154	2	27948154	2
right_1	3	right	1	27950437	27950437	3	27950441	27
right_1	1	right	1	27950438	27950437	3	27950441	27
right_1	1	right	1	27950439	27950437	3	27950441	27
right_1	2	right	1	27950440	27950437	3	27950441	27
right_1	27	right	1	27950441	27950441	27	27950441	27
right_1	1	right	1	27951507	27951507	1	27951507	1
right_1	1	right	1	27951565	27951565	1	27951565	1
right_1	1	right	1	27951599	27951599	1	27951600	28
right_1	28	right	1	27951600	27951600	28	27951600	28
right_1	3	right	1	27951601	27951600	28	27951600	28
right_1	1	right	1	27951604	27951600	28	27951600	28
right_1	1	right	1	27951611	27951611	1	27951611	1
right_1	1	right	1	27951651	27951651	1	27951651	1
right_1	3	right	1	27951662	27951662	3	27951665	20
right_1	6	right	1	27951664	27951664	6	27951665	20
right_1	20	right	1	27951665	27951665	20	27951665	20
right_1	2	right	1	27951673	27951673	2	27951679	3
right_1	2	right	1	27951675	27951675	2	27951679	3
right_1	3	right	1	27951679	27951679	3	27951679	3
right_1	1	right	1	27951688	27951688	1	27951688	1
right_1	3	right	1	27951700	27951700	3	27951700	3
right_1	2	right	1	27951702	27951700	3	27951700	3
right_1	1	right	1	27951715	27951715	1	27951716	2
right_1	2	right	1	27951716	27951716	2	27951716	2
right_1	1	right	1	27951718	27951716	2	27951716	2
right_1	1	right	1	27951720	27951716	2	27951716	2
right_1	1	right	1	27951721	27951716	2	27951716	2
right_1	2	right	1	27951724	27951724	2	27951724	2
right_1	2	right	1	27951735	27951735	2	27951735	2
right_1	1	right	1	27951737	27951735	2	27951735	2
right_1	1	right	1	27951758	27951758	1	27951758	1
right_1	1	right	1	27951769	27951769	1	27951769	1
right_1	1	right	1	27951772	27951772	1	27951772	1
right_1	1	right	1	27951773	27951773	1	27951773	1
right_1	1	right	1	27951776	27951776	1	27951776	1
right_1	1	right	1	27952555	27952555	1	27952555	1
right_1	1	right	1	27952609	27952609	1	27952609	1
right_1	3	right	1	27952969	27952969	3	27952969	3
right_1	14	right	1	27961574	27961574	14	27961574	14
right_1	1	right	1	27961624	27961624	1	27961624	1
right_1	5	right	1	27961685	27961685	5	27961685	5
right_1	2	right	1	27961954	27961954	2	27961954	2
right_1	1	right	1	32738748	32738748	1	32738748	1
right_1	2	right	1	33548210	33548210	2	33548210	2
right_1	1	right	1	41976876	41976876	1	41976876	1
right_1	2	right	1	57601637	57601637	2	57601637	2
right_1	1	right	1	113230616	113230616	1	113230616	1
right_1	1	right	1	113230784	113230784	1	113230784	1
right_1	1	right	1	156843751	156843751	1	156843751	1
right_1	1	right	1	156844359	156844359	1	156844362	2
right_1	2	right	1	156844362	156844362	2	156844362	2
right_1	8	right	1	156844420	156844420	8	156844420	8
right_1	8	right	1	156844697	156844697	8	156844697	8
right_1	1	right	1	156844708	156844708	1	156844708	1
right_1	1	right	1	156844820	156844820	1	156844820	1
right_1	1	right	1	156845270	156845270	1	156845270	1
right_1	1	right	1	156845287	156845287	1	156845287	1
right_1	1	right	1	156845461	156845461	1	156845461	1
right_1	1	right	1	156845850	156845850	1	156845850	1
right_1	1	right	1	156845868	156845868	1	156845868	1
right_1	2	right	1	156845880	156845880	2	156845880	2
right_1	3	right	1	156846003	156846003	3	156846003	3
right_1	1	right	1	156846150	156846150	1	156846150	1
right_1	3	right	1	156846190	156846190	3	156846190	3
right_1	2	right	1	156846196	156846196	2	156846196	2
right_1	1	right	1	156846208	156846208	1	156846208	1
right_1	2	right	1	156846328	156846328	2	156846328	2
right_1	1	right	1	156846342	156846342	1	156846342	1
right_1	1	right	1	156848864	156848864	1	156848864	1
right_1	1	right	1	156848969	156848969	1	156848969	1
right_1	1	right	1	171486849	171486849	1	171486849	1
right_1	1	right	1	178792028	178792028	1	178792028	1
right_1	1	right	1	226056952	226056952	1	226056952	1
right_1	1	right	1	226056968	226056968	1	226056968	1
right_1	1	right	1	234896372	234896372	1	234896372	1
right_1	1	right	1	237612372	237612372	1	237612372	1
right_10	1	right	10	22292652	22292652	1	22292652	1
right_10	2	right	10	43607673	43607673	2	43607673	2
right_10	2	right	10	43608299	43608299	2	43608299	2
right_10	1	right	10	43608322	43608322	1	43608322	1
right_10	1	right	10	43608339	43608339	1	43608339	1
right_10	2	right	10	43608904	43608904	2	43608904	2
right_10	1	right	10	43608920	43608920	1	43608920	1
right_10	1	right	10	43608973	43608973	1	43608973	1
right_10	1	right	10	43609013	43609013	1	43609013	1
right_10	1	right	10	43609123	43609123	1	43609123	1
right_10	1	right	10	43609191	43609191	1	43609191	1
right_10	1	right	10	43609927	43609927	1	43609927	1
right_10	3	right	10	43612179	43612179	3	43612179	3
right_10	2	right	10	43613819	43613819	2	43613819	2
right_10	1	right	10	73600762	73600762	1	73600762	1
right_10	1	right	10	73600780	73600780	1	73600780	1
right_10	1	right	10	73600829	73600829	1	73600829	1
right_10	1	right	10	73600853	73600853	1	73600853	1
right_11	4	right	11	22832425	22832425	4	22832425	4
right_11	4	right	11	22832454	22832454	4	22832454	4
right_11	1	right	11	35966563	35966563	1	35966563	1
right_11	1	right	11	42442528	42442528	1	42442528	1
right_11	1	right	11	45480255	45480255	1	45480255	1
right_11	1	right	11	61293327	61293327	1	61293327	1
right_11	1	right	11	65192177	65192177	1	65192177	1
right_11	1	right	11	65192209	65192209	1	65192209	1
right_11	1	right	11	90838775	90838775	1	90838775	1
right_11	1	right	11	105943490	105943490	1	105943490	1
right_12	4	right	12	25362673	25362673	4	25362673	4
right_12	1	right	12	25362686	25362686	1	25362686	1
right_12	1	right	12	25362714	25362714	1	25362716	2
right_12	2	right	12	25362716	25362716	2	25362716	2
right_12	2	right	12	25362722	25362722	2	25362722	2
right_12	1	right	12	25362727	25362722	2	25362722	2
right_12	1	right	12	25362741	25362741	1	25362742	2
right_12	2	right	12	25362742	25362742	2	25362742	2
right_12	3	right	12	25362749	25362749	3	25362749	3
right_12	2	right	12	25362753	25362749	3	25362749	3
right_12	1	right	12	25362767	25362767	1	25362767	1
right_12	1	right	12	25362818	25362818	1	25362818	1
right_12	1	right	12	25362851	25362851	1	25362851	1
right_12	1	right	12	25362953	25362953	1	25362953	1
right_12	1	right	12	25378559	25378559	1	25378559	1
right_12	1	right	12	25378602	25378602	1	25378602	1
right_12	1	right	12	25380021	25380021	1	25380021	1
right_12	1	right	12	25380022	25380022	1	25380022	1
right_12	1	right	12	25380081	25380081	1	25380081	1
right_12	1	right	12	25380157	25380157	1	25380162	2
right_12	2	right	12	25380162	25380162	2	25380162	2
right_12	2	right	12	25398116	25398116	2	25398116	2
right_12	2	right	12	25398203	25398203	2	25398203	2
right_12	1	right	12	25398224	25398224	1	25398224	1
right_12	1	right	12	25398244	25398244	1	25398244	1
right_12	1	right	12	25398352	25398352	1	25398352	1
right_12	1	right	12	57492995	57492995	1	57492995	1
right_12	1	right	12	108013706	108013706	1	108013706	1
right_12	1	right	12	111879816	111879816	1	111879816	1
right_12	1	right	12	120182310	120182310	1	120182310	1
right_12	1	right	12	124853086	124853086	1	124853086	1
right_12	1	right	12	133250239	133250239	1	133250239	1
right_12	1	right	12	133250268	133250268	1	133250268	1
right_12	1	right	12	133253143	133253143	1	133253143	1
right_12	1	right	12	133253165	133253165	1	133253165	1
right_13	1	right	13	42616917	42616917	1	42616917	1
right_13	1	right	13	107252402	107252402	1	107252402	1
right_14	1	right	14	105529228	105529228	1	105529228	1
right_15	1	right	15	61338304	61338304	1	61338304	1
right_15	1	right	15	63334274	63334274	1	63334274	1
right_15	1	right	15	65345961	65345961	1	65345961	1
right_15	2	right	15	88476417	88476417	2	88476417	2
right_15	1	right	15	88476462	88476462	1	88476462	1
right_15	1	right	15	88476497	88476497	1	88476497	1
right_15	1	right	15	88483853	88483853	1	88483853	1
right_15	1	right	15	88483908	88483908	1	88483908	1
right_15	1	right	15	88483977	88483977	1	88483977	1
right_15	3	right	15	88483984	88483984	3	88483984	3
right_15	1	right	15	88524591	88524591	1	88524591	1
right_15	1	right	15	88576087	88576087	1	88576088	4
right_15	4	right	15	88576088	88576088	4	88576088	4
right_15	7	right	15	88576218	88576218	7	88576218	7
right_15	1	right	15	88576267	88576267	1	88576267	1
right_15	3	right	15	88576273	88576273	3	88576277	26
right_15	3	right	15	88576275	88576275	3	88576277	26
right_15	3	right	15	88576276	88576276	3	88576277	26
right_15	26	right	15	88576277	88576277	26	88576277	26
right_15	2	right	15	88576279	88576277	26	88576277	26
right_15	2	right	15	88609058	88609058	2	88609058	2
right_15	2	right	15	88611536	88611536	2	88611536	2
right_15	30	right	15	88669500	88669500	30	88669500	30
right_15	3	right	15	88669503	88669500	30	88669500	30
right_15	1	right	15	88669504	88669500	30	88669500	30
right_15	2	right	15	88669536	88669536	2	88669536	2
right_15	1	right	15	88669562	88669562	1	88669562	1
right_15	2	right	15	88669594	88669594	2	88669594	2
right_15	1	right	15	88669603	88669603	1	88669605	31
right_15	2	right	15	88669604	88669604	2	88669605	31
right_15	31	right	15	88669605	88669605	31	88669605	31
right_15	28	right	15	88670391	88670391	28	88670391	28
right_15	2	right	15	88670394	88670391	28	88670391	28
right_15	1	right	15	88670413	88670413	1	88670413	1
right_15	1	right	15	88670414	88670414	1	88670414	1
right_15	1	right	15	88670457	88670457	1	88670457	1
right_16	1	right	16	27758329	27758329	1	27758329	1
right_16	1	right	16	27758390	27758390	1	27758390	1
right_16	1	right	16	29230476	29230476	1	29230476	1
right_16	1	right	16	59021249	59021249	1	59021249	1
right_17	3	right	17	3015922	3015922	3	3015922	3
right_17	1	right	17	7572879	7572879	1	7572879	1
right_17	1	right	17	7572927	7572927	1	7572927	1
right_17	1	right	17	7572945	7572945	1	7572945	1
right_17	1	right	17	7572951	7572951	1	7572951	1
right_17	1	right	17	7572969	7572969	1	7572969	1
right_17	2	right	17	7572979	7572979	2	7572979	2
right_17	1	right	17	7572989	7572989	1	7572989	1
right_17	16	right	17	7573011	7573011	16	7573011	16
right_17	1	right	17	7573014	7573011	16	7573011	16
right_17	1	right	17	7573244	7573244	1	7573244	1
right_17	1	right	17	7573862	7573862	1	7573862	1
right_17	1	right	17	7573867	7573867	1	7573867	1
right_17	1	right	17	7573885	7573885	1	7573885	1
right_17	2	right	17	7573906	7573906	2	7573906	2
right_17	18	right	17	7573927	7573927	18	7573927	18
right_17	1	right	17	7573930	7573927	18	7573927	18
right_17	1	right	17	7573931	7573927	18	7573927	18
right_17	1	right	17	7573953	7573953	1	7573953	1
right_17	1	right	17	7573955	7573955	1	7573955	1
right_17	1	right	17	7573966	7573966	1	7573966	1
right_17	1	right	17	7573974	7573974	1	7573974	1
right_17	1	right	17	7573983	7573983	1	7573983	1
right_17	1	right	17	7573988	7573988	1	7573988	1
right_17	1	right	17	7574030	7574030	1	7574030	1
right_17	1	right	17	7574046	7574046	1	7574046	1
right_17	1	right	17	7576895	7576895	1	7576895	1
right_17	1	right	17	7576896	7576896	1	7576896	1
right_17	2	right	17	7577039	7577039	2	7577039	2
right_17	2	right	17	7577041	7577041	2	7577041	2
right_17	1	right	17	7577061	7577061	1	7577061	1
right_17	2	right	17	7577093	7577093	2	7577093	2
right_17	1	right	17	7577410	7577410	1	7577410	1
right_17	3	right	17	7577425	7577425	3	7577425	3
right_17	3	right	17	7577431	7577431	3	7577431	3
right_17	2	right	17	7577432	7577431	3	7577431	3
right_17	1	right	17	7577458	7577458	1	7577459	3
right_17	3	right	17	7577459	7577459	3	7577459	3
right_17	3	right	17	7577462	7577462	3	7577462	3
right_17	3	right	17	7577470	7577470	3	7577470	3
right_17	1	right	17	7577471	7577470	3	7577470	3
right_17	1	right	17	7577479	7577479	1	7577479	1
right_17	2	right	17	7577490	7577490	2	7577491	3
right_17	3	right	17	7577491	7577491	3	7577491	3
right_17	1	right	17	7577494	7577491	3	7577491	3
right_17	2	right	17	7577495	7577491	3	7577491	3
right_17	1	right	17	7577497	7577491	3	7577491	3
right_17	1	right	17	7577499	7577491	3	7577491	3
right_17	1	right	17	7577502	7577491	3	7577491	3
right_17	1	right	17	7577511	7577511	1	7577514	2
right_17	2	right	17	7577514	7577514	2	7577514	2
right_17	2	right	17	7577523	7577523	2	7577523	2
right_17	1	right	17	7577529	7577529	1	7577533	2
right_17	2	right	17	7577533	7577533	2	7577533	2
right_17	1	right	17	7577535	7577533	2	7577533	2
right_17	1	right	17	7577540	7577533	2	7577533	2
right_17	1	right	17	7577544	7577533	2	7577533	2
right_17	1	right	17	7577545	7577533	2	7577533	2
right_17	2	right	17	7577549	7577549	2	7577554	3
right_17	1	right	17	7577551	7577549	2	7577554	3
right_17	3	right	17	7577554	7577554	3	7577554	3
right_17	1	right	17	7577559	7577554	3	7577554	3
right_17	1	right	17	7577562	7577554	3	7577554	3
right_17	3	right	17	7577565	7577565	3	7577565	3
right_17	1	right	17	7577583	7577583	1	7577583	1
right_17	6	right	17	7579239	7579239	6	7579239	6
right_17	1	right	17	7579266	7579266	1	7579266	1
right_17	5	right	17	7579288	7579288	5	7579288	5
right_17	1	right	17	7579295	7579295	1	7579295	1
right_17	2	right	17	7579338	7579338	2	7579338	2
right_17	2	right	17	7579400	7579400	2	7579400	2
right_17	1	right	17	7579547	7579547	1	7579547	1
right_17	1	right	17	7579577	7579577	1	7579577	1
right_17	1	right	17	7579581	7579581	1	7579581	1
right_17	1	right	17	7579588	7579588	1	7579591	3
right_17	3	right	17	7579591	7579591	3	7579591	3
right_17	3	right	17	7579700	7579700	3	7579700	3
right_17	1	right	17	7579850	7579850	1	7579850	1
right_17	1	right	17	7579867	7579867	1	7579867	1
right_17	1	right	17	7579901	7579901	1	7579901	1
right_17	1	right	17	7579936	7579936	1	7579936	1
right_17	3	right	17	37387733	37387733	3	37387733	3
right_17	1	right	17	37871530	37871530	1	37871531	15
right_17	15	right	17	37871531	37871531	15	37871531	15
right_17	5	right	17	37871532	37871531	15	37871531	15
right_17	2	right	17	37871609	37871609	2	37871614	5
right_17	5	right	17	37871614	37871614	5	37871614	5
right_17	2	right	17	37871632	37871632	2	37871632	2
right_17	5	right	17	37871696	37871696	5	37871696	5
right_17	1	right	17	37880974	37880974	1	37880974	1
right_17	1	right	17	37881011	37881011	1	37881011	1
right_17	1	right	17	37881031	37881031	1	37881031	1
right_17	1	right	17	37881132	37881132	1	37881132	1
right_17	1	right	17	37881184	37881184	1	37881185	2
right_17	2	right	17	37881185	37881185	2	37881185	2
right_17	2	right	17	37881432	37881432	2	37881432	2
right_17	2	right	17	37882802	37882802	2	37882802	2
right_17	1	right	17	37882846	37882846	1	37882846	1
right_17	2	right	17	37882855	37882855	2	37882855	2
right_17	1	right	17	37882864	37882864	1	37882864	1
right_17	2	right	17	37882875	37882875	2	37882875	2
right_17	1	right	17	37882912	37882912	1	37882912	1
right_17	2	right	17	41696356	41696356	2	41696356	2
right_17	1	right	17	60871523	60871523	1	60871523	1
right_17	1	right	17	61535432	61535432	1	61535432	1
right_17	2	right	17	63833528	63833528	2	63833528	2
right_17	2	right	17	75480532	75480532	2	75480532	2
right_17	2	right	17	76794337	76794337	2	76794337	2
right_17	1	right	17	78107059	78107059	1	78107059	1
right_17	1	right	17	78323627	78323627	1	78323627	1
right_17	1	right	17	78323656	78323656	1	78323656	1
right_18	2	right	18	21414143	21414143	2	21414143	2
right_18	1	right	18	48573504	48573504	1	48573504	1
right_18	2	right	18	48575136	48575136	2	48575136	2
right_18	2	right	18	48575172	48575172	2	48575174	3
right_18	3	right	18	48575174	48575174	3	48575174	3
right_18	1	right	18	48575193	48575193	1	48575197	2
right_18	2	right	18	48575197	48575197	2	48575197	2
right_18	1	right	18	48575216	48575216	1	48575216	1
right_18	1	right	18	48575219	48575219	1	48575219	1
right_18	6	right	18	48575230	48575230	6	48575230	6
right_18	1	right	18	48575291	48575291	1	48575291	1
right_18	1	right	18	48575601	48575601	1	48575605	2
right_18	2	right	18	48575605	48575605	2	48575605	2
right_18	1	right	18	48575637	48575637	1	48575643	2
right_18	1	right	18	48575640	48575640	1	48575643	2
right_18	2	right	18	48575643	48575643	2	48575643	2
right_18	1	right	18	48575649	48575649	1	48575654	2
right_18	2	right	18	48575654	48575654	2	48575654	2
right_18	7	right	18	48575664	48575664	7	48575664	7
right_18	1	right	18	48575667	48575664	7	48575664	7
right_18	1	right	18	48575672	48575664	7	48575664	7
right_18	1	right	18	48575674	48575664	7	48575664	7
right_18	1	right	18	48575675	48575664	7	48575664	7
right_18	5	right	18	48575686	48575686	5	48575686	5
right_18	2	right	18	48575700	48575700	2	48575700	2
right_18	1	right	18	48575705	48575700	2	48575700	2
right_18	3	right	18	48575721	48575721	3	48575721	3
right_18	1	right	18	48575736	48575736	1	48575736	1
right_18	1	right	18	48581289	48581289	1	48581289	1
right_18	1	right	18	48581328	48581328	1	48581328	1
right_18	1	right	18	48584827	48584827	1	48584827	1
right_18	1	right	18	48586187	48586187	1	48586187	1
right_18	1	right	18	48586220	48586220	1	48586220	1
right_18	1	right	18	48586236	48586236	1	48586236	1
right_18	1	right	18	48591715	48591715	1	48591715	1
right_18	1	right	18	48593552	48593552	1	48593552	1
right_18	1	right	18	48593570	48593570	1	48593570	1
right_18	1	right	18	48604626	48604626	1	48604626	1
right_18	1	right	18	48604816	48604816	1	48604816	1
right_18	1	right	18	48604820	48604820	1	48604820	1
right_18	1	right	18	48604823	48604823	1	48604823	1
right_18	1	right	18	48604838	48604838	1	48604838	1
right_18	1	right	18	48604849	48604849	1	48604849	1
right_18	1	right	18	48604854	48604854	1	48604854	1
right_18	3	right	18	76366119	76366119	3	76366119	3
right_19	1	right	19	17235241	17235241	1	17235241	1
right_19	1	right	19	18567235	18567235	1	18567235	1
right_19	1	right	19	33741853	33741853	1	33741853	1
right_19	1	right	19	53947798	53947798	1	53947798	1
right_19	1	right	19	53949392	53949392	1	53949392	1
right_19	2	right	19	54966271	54966271	2	54966271	2
right_19	3	right	19	54966540	54966540	3	54966540	3
right_19	1	right	19	54966544	54966540	3	54966540	3
right_2	1	right	2	9457753	9457753	1	9457753	1
right_2	2	right	2	29432629	29432629	2	29432629	2
right_2	2	right	2	29443524	29443524	2	29443524	2
right_2	2	right	2	29443561	29443561	2	29443561	2
right_2	1	right	2	29443646	29443646	1	29443646	1
right_2	1	right	2	29445276	29445276	1	29445276	1
right_2	2	right	2	29445288	29445288	2	29445288	2
right_2	1	right	2	29445383	29445383	1	29445388	2
right_2	2	right	2	29445388	29445388	2	29445388	2
right_2	1	right	2	29446385	29446385	1	29446385	1
right_2	1	right	2	29446395	29446395	1	29446396	34
right_2	34	right	2	29446396	29446396	34	29446396	34
right_2	1	right	2	29446397	29446396	34	29446396	34
right_2	1	right	2	29446400	29446396	34	29446396	34
right_2	1	right	2	29446417	29446417	1	29446417	1
right_2	1	right	2	29446448	29446448	1	29446448	1
right_2	1	right	2	29446469	29446469	1	29446469	1
right_2	1	right	2	29446474	29446474	1	29446474	1
right_2	1	right	2	29448327	29448327	1	29448327	1
right_2	1	right	2	29448411	29448411	1	29448411	1
right_2	1	right	2	29448432	29448432	1	29448432	1
right_2	1	right	2	29449788	29449788	1	29449788	1
right_2	11	right	2	42490447	42490447	11	42490447	11
right_2	12	right	2	42491871	42491871	12	42491871	12
right_2	11	right	2	42492091	42492091	11	42492091	11
right_2	3	right	2	46786268	46786268	3	46786268	3
right_2	1	right	2	47630317	47630317	1	47630317	1
right_2	1	right	2	47630322	47630322	1	47630322	1
right_2	1	right	2	47630336	47630336	1	47630336	1
right_2	1	right	2	47630495	47630495	1	47630495	1
right_2	1	right	2	47635534	47635534	1	47635534	1
right_2	1	right	2	47637422	47637422	1	47637422	1
right_2	1	right	2	47637444	47637444	1	47637444	1
right_2	1	right	2	47637463	47637463	1	47637463	1
right_2	1	right	2	47637520	47637520	1	47637520	1
right_2	3	right	2	47643429	47643429	3	47643429	3
right_2	1	right	2	47643537	47643537	1	47643537	1
right_2	1	right	2	47643564	47643564	1	47643564	1
right_2	1	right	2	47643641	47643641	1	47643641	1
right_2	1	right	2	47657142	47657142	1	47657142	1
right_2	1	right	2	47657169	47657169	1	47657169	1
right_2	1	right	2	47672732	47672732	1	47672732	1
right_2	2	right	2	47672757	47672757	2	47672757	2
right_2	2	right	2	47672773	47672773	2	47672773	2
right_2	1	right	2	47672791	47672791	1	47672791	1
right_2	1	right	2	47672821	47672821	1	47672821	1
right_2	1	right	2	47672997	47672997	1	47672997	1
right_2	1	right	2	47690199	47690199	1	47690199	1
right_2	1	right	2	47690202	47690202	1	47690202	1
right_2	1	right	2	47690220	47690220	1	47690220	1
right_2	1	right	2	47690243	47690243	1	47690243	1
right_2	1	right	2	47693960	47693960	1	47693960	1
right_2	1	right	2	47693990	47693990	1	47693990	1
right_2	1	right	2	47694011	47694011	1	47694011	1
right_2	1	right	2	47694034	47694034	1	47694034	1
right_2	1	right	2	47698178	47698178	1	47698178	1
right_2	1	right	2	47698192	47698192	1	47698192	1
right_2	1	right	2	47702360	47702360	1	47702360	1
right_2	1	right	2	47702401	47702401	1	47702401	1
right_2	1	right	2	47705634	47705634	1	47705634	1
right_2	1	right	2	47705667	47705667	1	47705667	1
right_2	1	right	2	47707930	47707930	1	47707930	1
right_2	1	right	2	47707978	47707978	1	47707978	1
right_2	1	right	2	47707999	47707999	1	47707999	1
right_2	1	right	2	47708056	47708056	1	47708056	1
right_2	1	right	2	47708126	47708126	1	47708126	1
right_2	1	right	2	47709938	47709938	1	47709938	1
right_2	1	right	2	113734357	113734357	1	113734357	1
right_2	3	right	2	145198257	145198257	3	145198257	3
right_2	1	right	2	181037523	181037523	1	181037523	1
right_20	1	right	20	50048910	50048910	1	50048910	1
right_20	1	right	20	50048916	50048916	1	50048916	1
right_21	1	right	21	34889692	34889692	1	34889692	1
right_22	1	right	22	24180896	24180896	1	24180896	1
right_22	1	right	22	33997943	33997943	1	33997943	1
right_22	1	right	22	35871029	35871029	1	35871029	1
right_22	1	right	22	35871067	35871067	1	35871067	1
right_22	1	right	22	37688399	37688399	1	37688399	1
right_22	1	right	22	37688404	37688404	1	37688404	1
right_22	1	right	22	37688449	37688449	1	37688449	1
right_22	1	right	22	37688528	37688528	1	37688528	1
right_3	1	right	3	8564274	8564274	1	8564274	1
right_3	1	right	3	10468188	10468188	1	10468188	1
right_3	1	right	3	41901146	41901146	1	41901146	1
right_3	1	right	3	72789010	72789010	1	72789010	1
right_3	1	right	3	73673623	73673623	1	73673623	1
right_3	1	right	3	135500047	135500047	1	135500047	1
right_3	1	right	3	141132064	141132064	1	141132064	1
right_4	1	right	4	40412648	40412648	1	40412648	1
right_4	2	right	4	45468304	45468304	2	45468304	2
right_4	2	right	4	45468434	45468434	2	45468434	2
right_4	1	right	4	47495810	47495810	1	47495810	1
right_4	1	right	4	108642779	108642779	1	108642779	1
right_4	1	right	4	116270057	116270057	1	116270057	1
right_4	1	right	4	127393344	127393344	1	127393344	1
right_4	1	right	4	140734443	140734443	1	140734443	1
right_4	1	right	4	144620920	144620920	1	144620920	1
right_4	1	right	4	144620982	144620982	1	144620982	1
right_4	1	right	4	164019915	164019915	1	164019915	1
right_4	1	right	4	168231811	168231811	1	168231811	1
right_4	1	right	4	169596403	169596403	1	169596403	1
right_5	1	right	5	30693448	30693448	1	30693448	1
right_5	1	right	5	54961962	54961962	1	54961962	1
right_5	1	right	5	54962045	54962045	1	54962045	1
right_5	1	right	5	77381331	77381331	1	77381331	1
right_6	1	right	6	3319557	3319557	1	3319557	1
right_6	1	right	6	3319590	3319590	1	3319590	1
right_6	1	right	6	6243398	6243398	1	6243398	1
right_6	16	right	6	117639417	117639417	16	117639417	16
right_6	1	right	6	117639425	117639425	1	117639425	1
right_6	1	right	6	117639464	117639464	1	117639464	1
right_6	16	right	6	117641031	117641031	16	117641031	16
right_6	1	right	6	117641032	117641031	16	117641031	16
right_6	1	right	6	117641038	117641038	1	117641038	1
right_6	1	right	6	117641188	117641188	1	117641193	9
right_6	9	right	6	117641193	117641193	9	117641193	9
right_6	9	right	6	117642422	117642422	9	117642422	9
right_6	1	right	6	117642499	117642499	1	117642499	1
right_6	1	right	6	117642510	117642510	1	117642510	1
right_6	1	right	6	117642554	117642554	1	117642558	14
right_6	14	right	6	117642558	117642558	14	117642558	14
right_6	2	right	6	117642572	117642572	2	117642572	2
right_6	2	right	6	117642615	117642615	2	117642615	2
right_6	1	right	6	117642727	117642727	1	117642727	1
right_6	17	right	6	117645495	117645495	17	117645495	17
right_6	4	right	6	117645580	117645580	4	117645580	4
right_6	1	right	6	117647387	117647387	1	117647387	1
right_6	11	right	6	117647579	117647579	11	117647579	11
right_6	7	right	6	117650492	117650492	7	117650492	7
right_6	1	right	6	117650524	117650524	1	117650524	1
right_6	1	right	6	117650526	117650526	1	117650526	1
right_6	1	right	6	117650549	117650549	1	117650549	1
right_6	6	right	6	117650613	117650613	6	117650613	6
right_6	9	right	6	117658335	117658335	9	117658335	9
right_6	1	right	6	117658472	117658472	1	117658472	1
right_6	3	right	6	117658504	117658504	3	117658504	3
right_6	1	right	6	117658535	117658535	1	117658535	1
right_6	1	right	6	117658539	117658539	1	117658539	1
right_6	1	right	6	117658558	117658558	1	117658558	1
right_6	1	right	6	117658568	117658568	1	117658568	1
right_6	3	right	6	117659858	117659858	3	117659858	3
right_6	1	right	6	142666141	142666141	1	142666141	1
right_6	1	right	6	151239801	151239801	1	151239801	1
right_6	1	right	6	151239804	151239804	1	151239804	1
right_6	2	right	6	151243339	151243339	2	151243339	2
right_7	1	right	7	2701364	2701364	1	2701364	1
right_7	1	right	7	2701419	2701419	1	2701419	1
right_7	1	right	7	36479823	36479823	1	36479823	1
right_7	1	right	7	55221768	55221768	1	55221768	1
right_7	1	right	7	55221835	55221835	1	55221835	1
right_7	3	right	7	55221842	55221842	3	55221847	39
right_7	4	right	7	55221844	55221844	4	55221847	39
right_7	39	right	7	55221847	55221847	39	55221847	39
right_7	1	right	7	55223460	55223460	1	55223460	1
right_7	46	right	7	55223523	55223523	46	55223523	46
right_7	1	right	7	55223533	55223533	1	55223533	1
right_7	1	right	7	55223534	55223534	1	55223534	1
right_7	1	right	7	55223536	55223536	1	55223536	1
right_7	1	right	7	55223544	55223544	1	55223544	1
right_7	15	right	7	55223639	55223639	15	55223639	15
right_7	1	right	7	55224160	55224160	1	55224160	1
right_7	1	right	7	55224204	55224204	1	55224204	1
right_7	13	right	7	55224224	55224224	13	55224224	13
right_7	1	right	7	55224228	55224224	13	55224224	13
right_7	1	right	7	55241588	55241588	1	55241588	1
right_7	1	right	7	55241621	55241621	1	55241623	2
right_7	2	right	7	55241623	55241623	2	55241623	2
right_7	1	right	7	55241644	55241644	1	55241648	2
right_7	2	right	7	55241648	55241648	2	55241648	2
right_7	1	right	7	55241753	55241753	1	55241753	1
right_7	1	right	7	55241775	55241775	1	55241775	1
right_7	1	right	7	55242413	55242413	1	55242413	1
right_7	1	right	7	55242425	55242425	1	55242425	1
right_7	1	right	7	55242465	55242465	1	55242465	1
right_7	1	right	7	55249084	55249084	1	55249084	1
right_7	1	right	7	55249110	55249110	1	55249110	1
right_7	1	right	7	55249119	55249119	1	55249119	1
right_7	1	right	7	55249133	55249133	1	55249133	1
right_7	2	right	7	55249140	55249140	2	55249140	2
right_7	2	right	7	55249164	55249164	2	55249164	2
right_7	1	right	7	55260432	55260432	1	55260432	1
right_7	1	right	7	77028942	77028942	1	77028942	1
right_7	1	right	7	77028969	77028969	1	77028969	1
right_7	1	right	7	99584745	99584745	1	99584745	1
right_7	1	right	7	114962587	114962587	1	114962587	1
right_7	3	right	7	116409845	116409845	3	116409845	3
right_7	1	right	7	116411500	116411500	1	116411500	1
right_7	1	right	7	116411536	116411536	1	116411536	1
right_7	3	right	7	116411550	116411550	3	116411550	3
right_7	1	right	7	116411558	116411558	1	116411558	1
right_7	1	right	7	116411579	116411579	1	116411579	1
right_7	1	right	7	116411672	116411672	1	116411672	1
right_7	1	right	7	116411673	116411673	1	116411673	1
right_7	7	right	7	116411708	116411708	7	116411708	7
right_7	2	right	7	116411744	116411744	2	116411744	2
right_7	2	right	7	116411898	116411898	2	116411900	8
right_7	8	right	7	116411900	116411900	8	116411900	8
right_7	1	right	7	116411985	116411985	1	116411985	1
right_7	21	right	7	116412043	116412043	21	116412043	21
right_7	1	right	7	116414815	116414815	1	116414815	1
right_7	1	right	7	116414859	116414859	1	116414859	1
right_7	17	right	7	116414933	116414933	17	116414933	17
right_7	1	right	7	116414938	116414933	17	116414933	17
right_7	1	right	7	116415017	116415017	1	116415017	1
right_7	1	right	7	116417489	116417489	1	116417489	1
right_7	2	right	7	116417497	116417497	2	116417497	2
right_7	2	right	7	116417508	116417508	2	116417508	2
right_7	1	right	7	116417516	116417516	1	116417516	1
right_7	1	right	7	116417524	116417524	1	116417524	1
right_7	1	right	7	116418830	116418830	1	116418830	1
right_7	1	right	7	116436086	116436086	1	116436086	1
right_7	1	right	7	116436111	116436111	1	116436112	2
right_7	2	right	7	116436112	116436112	2	116436112	2
right_7	1	right	7	116436115	116436112	2	116436112	2
right_7	1	right	7	116436129	116436129	1	116436129	1
right_7	2	right	7	116436137	116436137	2	116436137	2
right_7	1	right	7	116436143	116436143	1	116436143	1
right_7	1	right	7	116436169	116436169	1	116436169	1
right_7	1	right	7	140453088	140453088	1	140453088	1
right_7	1	right	7	140453120	140453120	1	140453120	1
right_7	1	right	7	140453167	140453167	1	140453167	1
right_7	1	right	7	140453197	140453197	1	140453197	1
right_7	1	right	7	140453227	140453227	1	140453227	1
right_7	1	right	7	151166519	151166519	1	151166519	1
right_7	1	right	7	151166623	151166623	1	151166623	1
right_8	1	right	8	32406267	32406267	1	32406267	1
right_8	1	right	8	32406292	32406292	1	32406292	1
right_8	2	right	8	32406344	32406344	2	32406344	2
right_8	3	right	8	32453344	32453344	3	32453344	3
right_8	1	right	8	32453348	32453344	3	32453344	3
right_8	1	right	8	32453519	32453519	1	32453524	20
right_8	1	right	8	32453521	32453521	1	32453524	20
right_8	20	right	8	32453524	32453524	20	32453524	20
right_8	1	right	8	32453525	32453524	20	32453524	20
right_8	20	right	8	32463079	32463079	20	32463079	20
right_8	1	right	8	32463083	32463079	20	32463079	20
right_8	6	right	8	32463201	32463201	6	32463201	6
right_8	5	right	8	32472031	32472031	5	32472031	5
right_8	1	right	8	32505899	32505899	1	32505899	1
right_8	1	right	8	32585467	32585467	1	32585467	1
right_8	1	right	8	37202969	37202969	1	37202969	1
right_8	1	right	8	37202981	37202981	1	37202981	1
right_8	1	right	8	37241894	37241894	1	37241894	1
right_8	1	right	8	37242156	37242156	1	37242156	1
right_8	1	right	8	38271359	38271359	1	38271359	1
right_8	2	right	8	38271376	38271376	2	38271376	2
right_8	3	right	8	38271433	38271433	3	38271433	3
right_8	1	right	8	38271435	38271433	3	38271433	3
right_8	2	right	8	38271438	38271433	3	38271433	3
right_8	1	right	8	38271443	38271433	3	38271433	3
right_8	1	right	8	38271451	38271451	1	38271453	3
right_8	3	right	8	38271453	38271453	3	38271453	3
right_8	1	right	8	38271454	38271453	3	38271453	3
right_8	1	right	8	38271473	38271473	1	38271473	1
right_8	1	right	8	38271479	38271479	1	38271479	1
right_8	1	right	8	38271505	38271505	1	38271505	1
right_8	1	right	8	38271521	38271521	1	38271521	1
right_8	1	right	8	38271525	38271525	1	38271525	1
right_8	2	right	8	38271547	38271547	2	38271547	2
right_8	1	right	8	38271684	38271684	1	38271684	1
right_8	3	right	8	38271807	38271807	3	38271807	3
right_8	3	right	8	38272074	38272074	3	38272074	3
right_8	2	right	8	38272075	38272074	3	38272074	3
right_8	2	right	8	38272092	38272092	2	38272092	2
right_8	4	right	8	38279301	38279301	4	38279301	4
right_8	4	right	8	38279318	38279318	4	38279318	4
right_8	1	right	8	38279320	38279318	4	38279318	4
right_8	1	right	8	38279346	38279346	1	38279346	1
right_8	1	right	8	38279362	38279362	1	38279362	1
right_8	1	right	8	38279384	38279384	1	38279384	1
right_8	1	right	8	38279421	38279421	1	38279421	1
right_8	1	right	8	38279439	38279439	1	38279439	1
right_8	1	right	8	38285611	38285611	1	38285611	1
right_8	1	right	8	38285902	38285902	1	38285902	1
right_8	1	right	8	38285903	38285903	1	38285903	1
right_8	1	right	8	38285926	38285926	1	38285926	1
right_8	1	right	8	38285937	38285937	1	38285937	1
right_8	1	right	8	38285943	38285943	1	38285943	1
right_8	1	right	8	38285993	38285993	1	38285993	1
right_9	1	right	9	21968200	21968200	1	21968200	1
right_9	1	right	9	21968233	21968233	1	21968233	1
right_9	1	right	9	21968241	21968241	1	21968244	15
right_9	15	right	9	21968244	21968244	15	21968244	15
right_9	15	right	9	21970901	21970901	15	21970901	15
right_9	1	right	9	21970902	21970901	15	21970901	15
right_9	1	right	9	21970906	21970901	15	21970901	15
right_9	1	right	9	26755046	26755046	1	26755046	1
right_9	1	right	9	35969905	35969905	1	35969905	1
right_9	1	right	9	87325664	87325664	1	87325664	1
right_9	2	right	9	87339170	87339170	2	87339170	2
right_9	1	right	9	87339175	87339170	2	87339170	2
right_9	2	right	9	87339186	87339186	2	87339186	2
right_9	1	right	9	87339192	87339192	1	87339192	1
right_9	1	right	9	87339196	87339196	1	87339196	1
right_9	1	right	9	87339201	87339201	1	87339201	1
right_9	1	right	9	87339212	87339212	1	87339212	1
right_9	1	right	9	87339215	87339215	1	87339215	1
right_9	2	right	9	87339224	87339224	2	87339226	3
right_9	3	right	9	87339226	87339226	3	87339226	3
right_9	5	right	9	87339244	87339244	5	87339244	5
right_9	2	right	9	87339246	87339244	5	87339244	5
right_9	1	right	9	87339247	87339244	5	87339244	5
right_9	2	right	9	87339265	87339265	2	87339271	165
right_9	1	right	9	87339266	87339265	2	87339271	165
right_9	2	right	9	87339267	87339267	2	87339271	165
right_9	165	right	9	87339271	87339271	165	87339271	165
right_9	1	right	9	87342526	87342526	1	87342526	1
right_9	1	right	9	87342537	87342537	1	87342537	1
right_9	160	right	9	87342569	87342569	160	87342569	160
right_9	2	right	9	87342570	87342569	160	87342569	160
right_9	2	right	9	87342572	87342569	160	87342569	160
right_9	3	right	9	87342573	87342569	160	87342569	160
right_9	1	right	9	87342574	87342569	160	87342569	160
right_9	3	right	9	87342575	87342569	160	87342569	160
right_9	1	right	9	87342577	87342569	160	87342569	160
right_9	1	right	9	87342578	87342569	160	87342569	160
right_9	2	right	9	87342584	87342584	2	87342584	2
right_9	1	right	9	87342603	87342603	1	87342603	1
right_9	4	right	9	87342616	87342616	4	87342616	4
right_9	1	right	9	87342633	87342633	1	87342633	1
right_9	1	right	9	87342638	87342638	1	87342638	1
right_9	2	right	9	87342654	87342654	2	87342654	2
right_9	2	right	9	87342657	87342657	2	87342657	2
right_9	1	right	9	87342700	87342700	1	87342700	1
right_9	2	right	9	87342819	87342819	2	87342819	2
right_9	3	right	9	87342843	87342843	3	87342843	3
right_9	1	right	9	87342846	87342843	3	87342843	3
right_9	1	right	9	87342851	87342843	3	87342843	3
right_9	2	right	9	87342867	87342867	2	87342877	84
right_9	2	right	9	87342872	87342872	2	87342877	84
right_9	7	right	9	87342874	87342874	7	87342877	84
right_9	1	right	9	87342875	87342874	7	87342877	84
right_9	3	right	9	87342876	87342874	7	87342877	84
right_9	84	right	9	87342877	87342877	84	87342877	84
right_9	1	right	9	87342878	87342877	84	87342877	84
right_9	2	right	9	87356805	87356805	2	87356806	78
right_9	78	right	9	87356806	87356806	78	87356806	78
right_9	6	right	9	87356807	87356806	78	87356806	78
right_9	2	right	9	87356808	87356806	78	87356806	78
right_9	3	right	9	87356810	87356806	78	87356806	78
right_9	1	right	9	87356811	87356806	78	87356806	78
right_9	1	right	9	87356812	87356806	78	87356806	78
right_9	1	right	9	87356814	87356806	78	87356806	78
right_9	1	right	9	87356815	87356806	78	87356806	78
right_9	1	right	9	87356817	87356806	78	87356806	78
right_9	2	right	9	87356828	87356828	2	87356828	2
right_9	2	right	9	87356838	87356838	2	87356842	80
right_9	1	right	9	87356841	87356838	2	87356842	80
right_9	80	right	9	87356842	87356842	80	87356842	80
right_9	1	right	9	87359849	87359849	1	87359849	1
right_9	2	right	9	87359883	87359883	2	87359885	85
right_9	85	right	9	87359885	87359885	85	87359885	85
right_9	1	right	9	87359887	87359885	85	87359885	85
right_9	1	right	9	87359896	87359896	1	87359896	1
right_9	2	right	9	87359930	87359930	2	87359930	2
right_9	1	right	9	87359945	87359945	1	87359945	1
right_9	1	right	9	87359978	87359978	1	87359978	1
right_9	3	right	9	87359986	87359986	3	87359990	102
right_9	4	right	9	87359987	87359987	4	87359990	102
right_9	1	right	9	87359988	87359987	4	87359990	102
right_9	102	right	9	87359990	87359990	102	87359990	102
right_9	89	right	9	87366894	87366894	89	87366894	89
right_9	5	right	9	87366900	87366900	5	87366910	9
right_9	3	right	9	87366901	87366900	5	87366910	9
right_9	2	right	9	87366902	87366900	5	87366910	9
right_9	5	right	9	87366904	87366904	5	87366910	9
right_9	1	right	9	87366907	87366904	5	87366910	9
right_9	8	right	9	87366909	87366909	8	87366910	9
right_9	9	right	9	87366910	87366910	9	87366910	9
right_9	1	right	9	87366994	87366994	1	87366994	1
right_9	1	right	9	87425736	87425736	1	87425736	1
right_9	1	right	9	87475895	87475895	1	87475895	1
right_9	1	right	9	87475944	87475944	1	87475944	1
right_9	1	right	9	87482156	87482156	1	87482156	1
right_9	1	right	9	87482346	87482346	1	87482346	1
right_9	1	right	9	87549077	87549077	1	87549077	1
right_9	1	right	9	95477240	95477240	1	95477240	1
right_9	1	right	9	95477273	95477273	1	95477273	1
right_9	1	right	9	99259451	99259451	1	99259451	1
right_9	1	right	9	109687848	109687848	1	109687848	1
right_9	1	right	9	117054146	117054146	1	117054146	1
right_9	1	right	9	133834124	133834124	1	133834124	1
right_MT	2	right	MT	5293	5293	2	5293	2
right_MT	1	right	MT	11668	11668	1	11668	1
right_X	2	right	X	51638856	51638856	2	51638856	2
right_X	2	right	X	51639503	51639503	2	51639503	2
right_X	1	right	X	53701594	53701594	1	53701594	1
right_X	1	right	X	149478646	149478646	1	149478646	1
